# Constructed from biom file
#OTU ID	M1D.ITS.R1	M3R.ITS.R1	M12D.ITS.R1	M3D.ITS.R1	M9D.ITS.R1	M5D.ITS.R1	M10D.ITS.R1	M2D.ITS.R1	M11D.ITS.R1	M4D.ITS.R1	M7D.ITS.R1	M2R.ITS.R1	M11R.ITS.R1	M1R.ITS.R1	M12R.ITS.R1	M9R.ITS.R1	M10R.ITS.R1	M5R.ITS.R1
No blast hit;Other;Other;Other;Other	0.07158678239369222	0.007874600698313592	0.9585540254234783	0.06389396508069685	0.13116122480210085	0.13300290030734402	0.24058240093807998	0.00047663568534711884	0.0008353906386374409	0.0020005518763796916	0.038307030129125	0.1293103448275861	0.01480165778567199	0.31083650190114015	0.7105263157894732	0.04918032786885246	0.16	0.0
k__Fungi;p__Ascomycota;c__Archaeorhizomycetes;o__Archaeorhizomycetales;f__Archaeorhizomycetaceae	0.00034769619079506533	0.2791025926751353	0.00046345338983050843	0.23798410356899113	5.564752855413809e-05	0.0	4.8859139101969026e-05	0.06324588901721394	0.0	0.0006898454746136865	0.0	0.06609195402298851	0.0	0.0019011406844106464	0.0	0.0	0.0	0.0
k__Fungi;p__Ascomycota;c__Archaeorhizomycetes;o__Archaeorhizomycetales;f__unidentified	0.0	9.286085729143451e-05	6.620762711864407e-05	2.2017217464056893e-05	0.0	0.0	0.0	1.8332141744119964e-05	0.0	0.002121274834437086	0.0	0.0	0.0	0.0	0.0	0.0	0.0	0.0
k__Fungi;p__Ascomycota;c__Archaeorhizomycetes;o__unidentified;f__unidentified	0.260115383624797	3.714434291657381e-05	0.0	2.2017217464056893e-05	0.0	0.0	4.8859139101969026e-05	0.0	0.0	1.7246136865342163e-05	0.0	0.0	0.0	0.1188212927756654	0.0	0.0	0.0	0.0
k__Fungi;p__Ascomycota;c__Arthoniomycetes;o__Arthoniales;f__Roccellaceae	0.0	0.0	6.620762711864407e-05	0.0	1.3911882138534523e-05	4.328816934331847e-05	0.0	0.0	1.2468516994588663e-05	0.0	0.0	0.0	0.0	0.0	0.0	0.0	0.0	0.0
k__Fungi;p__Ascomycota;c__Arthoniomycetes;o__Lichenostigmatales;f__Phaeococcomycetaceae	2.575527339222706e-05	0.0	0.0	0.0	0.0	0.0	0.0	0.0	0.0	0.0	0.0	0.0	0.0	0.0	0.0	0.0	0.0	0.0
k__Fungi;p__Ascomycota;c__Arthoniomycetes;o__unidentified;f__unidentified	3.863291008834059e-05	9.286085729143451e-05	0.0	0.0	0.0	0.0	0.0	0.00014665713395295972	0.00027430737388095056	1.7246136865342163e-05	0.0	0.0028735632183908046	0.0	0.0	0.0	0.0	0.0	0.0
k__Fungi;p__Ascomycota;c__Coniocybomycetes;o__Coniocybales;f__Coniocybaceae	0.0	0.00473590372186316	0.0	2.2017217464056893e-05	0.0	0.0	0.0	1.8332141744119964e-05	0.0	1.7246136865342163e-05	0.0	0.0	0.0	0.004752851711026616	0.0	0.0	0.0	0.0
k__Fungi;p__Ascomycota;c__Dothideomycetes;o__Botryosphaeriales;f__Botryosphaeriaceae	0.0	0.0	0.0	2.2017217464056893e-05	4.1735646415603566e-05	0.0	0.0	0.0	0.0	0.0	0.0	0.0	0.0	0.0	0.0	0.0	0.0	0.0
k__Fungi;p__Ascomycota;c__Dothideomycetes;o__Botryosphaeriales;f__Phyllostictaceae	1.287763669611353e-05	0.0	0.0	0.0	0.0	0.0	0.0	0.0	0.00012468516994588663	0.000206953642384106	0.0	0.0	0.0	0.0	0.0	0.0	0.0	0.0
k__Fungi;p__Ascomycota;c__Dothideomycetes;o__Botryosphaeriales;f__Septorioideaceae	0.0	0.0	0.0	0.0	0.0	0.0	0.0	0.0	0.0	1.7246136865342163e-05	0.0	0.0	0.0	0.0	0.0	0.0	0.0	0.0
k__Fungi;p__Ascomycota;c__Dothideomycetes;o__Capnodiales;f__Capnodiaceae	0.0	0.0	0.0	0.0	0.0	0.0	0.0	1.8332141744119964e-05	0.0	0.00025869205298013247	0.0	0.0	0.0	0.0	0.0	0.0	0.0	0.0
k__Fungi;p__Ascomycota;c__Dothideomycetes;o__Capnodiales;f__Capnodiales_fam_Incertae_sedis	0.0	0.0	0.0	2.2017217464056893e-05	0.0	2.1644084671659236e-05	0.0	0.0	0.0	0.0023799668874172186	0.0	0.0	0.0	0.0	0.0	0.0	0.0	0.0
k__Fungi;p__Ascomycota;c__Dothideomycetes;o__Capnodiales;f__Cladosporiaceae	0.0	7.428868583314762e-05	0.0	4.4034434928113786e-05	0.0008347129283120714	8.657633868663694e-05	4.8859139101969026e-05	1.8332141744119964e-05	0.0007979850876536744	5.173841059602649e-05	0.0	0.0	0.004736530491415038	0.0	0.02631578947368421	0.0	0.0	0.0
k__Fungi;p__Ascomycota;c__Dothideomycetes;o__Capnodiales;f__Extremaceae	0.0	0.0	0.0	0.0	0.0	0.0	0.0010260419211413495	0.0	0.0	1.7246136865342163e-05	0.0	0.0	0.0	0.0	0.0	0.0	0.0	0.0
k__Fungi;p__Ascomycota;c__Dothideomycetes;o__Capnodiales;f__Mycosphaerellaceae	0.00016740927704947593	0.0009100364014560583	0.00013241525423728814	0.000418327131817081	0.0005008277569872428	0.0003895935240898662	9.771827820393805e-05	0.0007149535280206787	2.4937033989177326e-05	0.007691777041942606	0.0	0.0028735632183908046	0.0	0.0009505703422053232	0.0	0.0	0.0	0.0
k__Fungi;p__Ascomycota;c__Dothideomycetes;o__Capnodiales;f__Schizothyriaceae	0.0	0.0	6.620762711864407e-05	0.0	0.0	0.0	0.0	0.0	0.0	0.0	0.0	0.0	0.0017761989342806395	0.0	0.0	0.0	0.0	0.0
k__Fungi;p__Ascomycota;c__Dothideomycetes;o__Capnodiales;f__Teratosphaeriaceae	2.575527339222706e-05	7.428868583314762e-05	0.0	0.00011008608732028447	0.10321225358578762	0.0007575429635080733	0.030292666243220794	0.001026599937670718	0.0002867758908755392	0.0111237582781457	0.003443328550932568	0.0	0.0	0.0	0.0	0.0	0.22	0.0
k__Fungi;p__Ascomycota;c__Dothideomycetes;o__Capnodiales;f__unidentified	0.0005923712880212224	0.00707599732560731	0.0	0.015764327704264735	6.955941069267261e-05	0.000735898878836414	0.00014657741730590706	0.0017415534656913965	3.740555098376599e-05	0.03904525386313466	0.0	0.0028735632183908046	0.0	0.0028517110266159697	0.0	0.0	0.02	0.0
k__Fungi;p__Ascomycota;c__Dothideomycetes;o__Dothideales;f__Aureobasidiaceae	0.0	0.0	0.0	0.0	4.1735646415603566e-05	2.1644084671659236e-05	0.0	0.0	0.0	0.0	0.0	0.0	0.0	0.0	0.0	0.0	0.0	0.0
k__Fungi;p__Ascomycota;c__Dothideomycetes;o__Dothideales;f__Dothideaceae	0.0	3.714434291657381e-05	0.0	0.0	0.0	4.328816934331847e-05	0.0	0.0	0.0	0.0	0.0	0.0	0.0	0.0	0.0	0.0	0.0	0.0
k__Fungi;p__Ascomycota;c__Dothideomycetes;o__Dothideales;f__Dothioraceae	0.0	0.0	0.0	0.0	0.0	0.0	0.0	0.0	0.0	0.0	0.0	0.0	0.0	0.0	0.0	0.0	0.02	0.0
k__Fungi;p__Ascomycota;c__Dothideomycetes;o__Dothideomycetes_ord_Incertae_sedis;f__Dothideomycetes_fam_Incertae_sedis	0.0	1.8572171458286904e-05	0.0	0.0	0.0	0.0	0.0	0.0	0.0	6.898454746136865e-05	0.0	0.0	0.0	0.0	0.0	0.0	0.0	0.0
k__Fungi;p__Ascomycota;c__Dothideomycetes;o__Dothideomycetes_ord_Incertae_sedis;f__Eremomycetaceae	0.0	0.0	0.0	0.0	0.0	0.0	0.0	0.0	3.740555098376599e-05	1.7246136865342163e-05	0.0	0.0	0.0	0.0	0.0	0.0	0.0	0.0
k__Fungi;p__Ascomycota;c__Dothideomycetes;o__Myriangiales;f__Myriangiaceae	0.0	0.0	0.0	0.0	0.0	0.0	0.0	0.0	0.0	1.7246136865342163e-05	0.0	0.0	0.0	0.0	0.0	0.0	0.0	0.0
k__Fungi;p__Ascomycota;c__Dothideomycetes;o__Mytilinidales;f__Gloniaceae	0.000734025291678471	0.23692519129336587	0.0007282838983050849	0.04744710363504263	6.955941069267261e-05	6.49322540149777e-05	0.0003420139737137832	0.010485985077636619	0.0	0.048599613686534225	0.0022955523672883787	0.017241379310344827	0.0	0.06463878326996199	0.0	0.0	0.0	0.0
k__Fungi;p__Ascomycota;c__Dothideomycetes;o__Pleosporales;f__Amniculicolaceae	0.0	1.8572171458286904e-05	0.0	0.0	0.0	0.0	0.0	0.0	0.0	0.0	0.0	0.0	0.0	0.0	0.0	0.0	0.0	0.0
k__Fungi;p__Ascomycota;c__Dothideomycetes;o__Pleosporales;f__Biatriosporaceae	0.0	0.0	0.0	0.0	0.0	0.0	0.0	0.0	2.4937033989177326e-05	0.0	0.0	0.0	0.0	0.0	0.0	0.0	0.0	0.0
k__Fungi;p__Ascomycota;c__Dothideomycetes;o__Pleosporales;f__Cucurbitariaceae	0.0	0.0	0.0	0.0	0.0	8.657633868663694e-05	0.0	1.8332141744119964e-05	0.0	0.0	0.0	0.0	0.0	0.0	0.0	0.0	0.0	0.0
k__Fungi;p__Ascomycota;c__Dothideomycetes;o__Pleosporales;f__Dictyosporiaceae	0.0	0.0	0.0	0.0	0.0	2.1644084671659236e-05	0.0	0.0	0.0	0.0	0.0	0.0	0.0	0.0	0.0	0.0	0.0	0.0
k__Fungi;p__Ascomycota;c__Dothideomycetes;o__Pleosporales;f__Didymellaceae	2.575527339222706e-05	0.00011143302874972142	0.000794491525423729	2.2017217464056893e-05	0.009905260082636577	0.0004112376087615255	0.0005863096692236283	0.0	0.00022443330590259594	0.00025869205298013247	0.000430416068866571	0.0	0.0017761989342806395	0.0	0.0	0.06557377049180328	0.0	0.0
k__Fungi;p__Ascomycota;c__Dothideomycetes;o__Pleosporales;f__Didymosphaeriaceae	0.0	1.8572171458286904e-05	0.0	0.0	0.0	0.0	0.0	0.0	1.2468516994588663e-05	1.7246136865342163e-05	0.0	0.0	0.0	0.0	0.0	0.0	0.0	0.0
k__Fungi;p__Ascomycota;c__Dothideomycetes;o__Pleosporales;f__Leptosphaeriaceae	0.0	1.8572171458286904e-05	0.0	0.0	0.0	2.1644084671659236e-05	0.0	0.0	0.0	0.0	0.0	0.0	0.0	0.0	0.0	0.0	0.0	0.0
k__Fungi;p__Ascomycota;c__Dothideomycetes;o__Pleosporales;f__Lophiostomataceae	0.0	0.0	0.0	0.0	1.3911882138534523e-05	0.0	0.0	0.0	0.00012468516994588663	0.0	0.0	0.0	0.0	0.0	0.0	0.0	0.0	0.0
k__Fungi;p__Ascomycota;c__Dothideomycetes;o__Pleosporales;f__Massarinaceae	0.0	0.0	6.620762711864407e-05	0.0	0.0	0.0	0.0	0.0	0.0004862721627889579	0.0	0.0	0.0	0.0	0.0	0.0	0.0	0.0	0.0
k__Fungi;p__Ascomycota;c__Dothideomycetes;o__Pleosporales;f__Morosphaeriaceae	0.0	0.0	0.0	0.0	0.0	0.0	0.0	0.0	0.0	1.7246136865342163e-05	0.0	0.0	0.0	0.0	0.0	0.0	0.0	0.0
k__Fungi;p__Ascomycota;c__Dothideomycetes;o__Pleosporales;f__Periconiaceae	0.0	0.0	0.0	0.0	0.0	2.1644084671659236e-05	4.8859139101969026e-05	0.0	0.0	0.0	0.0	0.0	0.0	0.0	0.0	0.0	0.0	0.0
k__Fungi;p__Ascomycota;c__Dothideomycetes;o__Pleosporales;f__Phaeosphaeriaceae	1.287763669611353e-05	0.0	0.0	2.2017217464056893e-05	2.7823764277069045e-05	0.0	0.0	0.0	0.0	0.0	0.0	0.0	0.0	0.0	0.0	0.0	0.0	0.0
k__Fungi;p__Ascomycota;c__Dothideomycetes;o__Pleosporales;f__Pleosporaceae	1.287763669611353e-05	7.428868583314762e-05	6.620762711864407e-05	0.0	0.0	0.0	4.8859139101969026e-05	0.0	9.97481359567093e-05	1.7246136865342163e-05	0.0	0.0	0.0	0.0	0.0	0.0	0.0	0.0
k__Fungi;p__Ascomycota;c__Dothideomycetes;o__Pleosporales;f__Pleosporales_fam_Incertae_sedis	0.0	0.0	0.0	0.0	0.0	0.0	0.0	0.0	0.0	0.00010347682119205298	0.0	0.0	0.0	0.0	0.0	0.0	0.0	0.0
k__Fungi;p__Ascomycota;c__Dothideomycetes;o__Pleosporales;f__Sporormiaceae	1.287763669611353e-05	0.0	0.0	0.0	4.1735646415603566e-05	0.0	0.0	1.8332141744119964e-05	0.0	0.0	0.0	0.0	0.0	0.0	0.0	0.0	0.0	0.0
k__Fungi;p__Ascomycota;c__Dothideomycetes;o__Pleosporales;f__Teichosporaceae	0.0	0.0	0.0	0.0	0.0	2.1644084671659236e-05	0.0	0.0	0.0	0.0	0.0	0.0	0.0	0.0	0.0	0.0	0.0	0.0
k__Fungi;p__Ascomycota;c__Dothideomycetes;o__Pleosporales;f__Thyridariaceae	0.0	0.0	0.0	0.0	1.3911882138534523e-05	0.0	0.0	0.0	0.0	0.0	0.0	0.0	0.0	0.0	0.0	0.0	0.0	0.0
k__Fungi;p__Ascomycota;c__Dothideomycetes;o__Pleosporales;f__unidentified	0.03326293558606169	0.029734046504717254	0.008275953389830509	0.06748277152733446	0.029034098023121496	0.009653261763560019	0.026921385645184853	0.020385341619461306	0.04738036457943673	0.005415286975717444	0.011621233859397399	0.08333333333333331	0.07815275310834817	0.04752851711026617	0.0	0.04918032786885246	0.06	0.0
k__Fungi;p__Ascomycota;c__Dothideomycetes;o__Strigulales;f__Strigulaceae	0.0	0.0	0.0	0.0	0.0	0.0	0.0	0.0	0.0	1.7246136865342163e-05	0.0	0.0	0.0	0.0	0.0	0.0	0.0	0.0
k__Fungi;p__Ascomycota;c__Dothideomycetes;o__Tubeufiales;f__Tubeufiaceae	0.0	1.8572171458286904e-05	0.0	0.0	0.0009460079854203475	0.0	0.002247520398690575	1.8332141744119964e-05	0.0009476072915887384	6.898454746136865e-05	0.0	0.0	0.0	0.0	0.0	0.0	0.0	0.0
k__Fungi;p__Ascomycota;c__Dothideomycetes;o__Valsariales;f__Valsariaceae	1.287763669611353e-05	0.0	6.620762711864407e-05	0.0	1.3911882138534523e-05	0.0	0.0	0.0	0.0	0.0	0.0	0.0	0.0	0.0	0.0	0.0	0.0	0.0
k__Fungi;p__Ascomycota;c__Dothideomycetes;o__Venturiales;f__Sympoventuriaceae	0.0	7.428868583314762e-05	0.0	0.0	9.738317496974166e-05	2.1644084671659236e-05	0.0003908731128157522	0.0	8.727961896212064e-05	0.0	0.0	0.0	0.0	0.0	0.0	0.0	0.02	0.0
k__Fungi;p__Ascomycota;c__Dothideomycetes;o__Venturiales;f__Venturiaceae	1.287763669611353e-05	9.286085729143451e-05	0.0	0.0004843787842092516	0.0	0.0	0.0	0.00014665713395295972	0.0	0.00063810706401766	0.0	0.0	0.0	0.0	0.0	0.0	0.0	0.0
k__Fungi;p__Ascomycota;c__Dothideomycetes;o__Venturiales;f__unidentified	0.0	0.0	0.0	0.0	0.0	0.0	0.0	0.0	0.0	3.449227373068433e-05	0.0	0.0	0.0	0.0	0.0	0.0	0.0	0.0
k__Fungi;p__Ascomycota;c__Dothideomycetes;o__unidentified;f__unidentified	9.01434568727947e-05	0.0023215214322858634	6.620762711864407e-05	0.00468966731984412	0.0	0.0011471364875979394	0.0	0.0003299785513941593	3.740555098376599e-05	0.0493239514348786	0.0	0.0	0.0	0.0019011406844106464	0.0	0.0	0.0	0.0
k__Fungi;p__Ascomycota;c__Eurotiomycetes;o__Chaetothyriales;f__Chaetothyriaceae	0.0	0.0	0.0	0.0	0.0	4.328816934331847e-05	0.0	1.8332141744119964e-05	0.0	1.7246136865342163e-05	0.0	0.0	0.0	0.0	0.0	0.0	0.0	0.0
k__Fungi;p__Ascomycota;c__Eurotiomycetes;o__Chaetothyriales;f__Chaetothyriales_fam_Incertae_sedis	0.0	0.0	0.0	0.0	1.3911882138534523e-05	0.0	0.0	0.0	0.0	0.0	0.0	0.0	0.0	0.0	0.0	0.0	0.0	0.0
k__Fungi;p__Ascomycota;c__Eurotiomycetes;o__Chaetothyriales;f__Cyphellophoraceae	0.0	0.0	6.620762711864407e-05	0.0	0.0	0.00010822042335829618	0.0	0.0	0.0006608314007131992	0.0	0.0	0.0	0.0	0.0	0.0	0.0	0.0	0.0
k__Fungi;p__Ascomycota;c__Eurotiomycetes;o__Chaetothyriales;f__Herpotrichiellaceae	0.026682463234347347	0.041527375380729495	6.620762711864407e-05	0.03507342742024262	0.00058429904981845	0.0013852214189861909	0.0002931548346118142	0.009496049423454138	0.020735143762000946	0.013176048565121412	0.0007173601147776184	0.014367816091954023	0.049733570159857896	0.07319391634980989	0.0	0.01639344262295082	0.04	0.0
k__Fungi;p__Ascomycota;c__Eurotiomycetes;o__Chaetothyriales;f__Trichomeriaceae	0.0	0.0	0.0	0.0	0.0	0.0009956278948963248	0.0	0.0	0.0	0.0	0.00014347202295552367	0.0	0.0	0.0	0.0	0.0	0.0	0.0
k__Fungi;p__Ascomycota;c__Eurotiomycetes;o__Chaetothyriales;f__unidentified	9.014345687279472e-05	0.06765842062253917	6.620762711864407e-05	0.023954732600893897	2.7823764277069045e-05	0.07791870481797326	9.771827820393805e-05	0.0	1.2468516994588663e-05	0.00048289183222958065	0.0	0.0	0.0005920663114268798	0.019961977186311788	0.0	0.0	0.0	0.0
k__Fungi;p__Ascomycota;c__Eurotiomycetes;o__Eurotiales;f__Aspergillaceae	0.0020990547814665047	0.000984325087289206	6.620762711864407e-05	0.005900614280367247	0.0002365019963550869	0.003636206224838753	0.0007328870865295354	0.006159599626024313	0.0001371536869404753	0.0025006898454746143	0.0024390243902439024	0.008620689655172414	0.010657193605683835	0.011406844106463877	0.07894736842105263	0.0	0.0	0.0
k__Fungi;p__Ascomycota;c__Eurotiomycetes;o__Eurotiales;f__Elaphomycetaceae	0.0	0.0026743926899933136	0.0003310381355932203	0.02375657764371738	2.7823764277069045e-05	0.0	0.0	1.8332141744119964e-05	3.740555098376599e-05	1.7246136865342163e-05	0.0	0.0	0.0	0.0	0.0	0.0	0.0	0.0
k__Fungi;p__Ascomycota;c__Eurotiomycetes;o__Eurotiales;f__Thermoascaceae	0.0	0.0	0.0	0.0	1.3911882138534523e-05	0.0	0.0	0.0	0.0	0.0	0.0	0.0	0.0	0.0	0.0	0.0	0.0	0.0
k__Fungi;p__Ascomycota;c__Eurotiomycetes;o__Eurotiales;f__Trichocomaceae	0.00200891132459371	0.007243146868731892	6.620762711864407e-05	0.01688720579493164	1.3911882138534523e-05	0.00010822042335829618	9.771827820393805e-05	0.05569304661863645	1.2468516994588663e-05	0.009502621412803532	0.04002869440459111	0.06896551724137931	0.0005920663114268798	0.010456273764258554	0.0	0.0	0.0	0.0
k__Fungi;p__Ascomycota;c__Eurotiomycetes;o__Eurotiales;f__unidentified	0.00010302109356890825	0.007354579897481612	0.0	0.0008586714810982189	0.0	2.1644084671659236e-05	0.0	1.8332141744119964e-05	1.2468516994588663e-05	0.000103476821192053	0.0	0.0	0.0	0.004752851711026616	0.0	0.0	0.0	0.0
k__Fungi;p__Ascomycota;c__Eurotiomycetes;o__Mycocaliciales;f__Mycocaliciaceae	0.0	0.0	0.0	0.0	0.0	0.0	0.0	1.8332141744119964e-05	1.2468516994588663e-05	0.0	0.0	0.0	0.0	0.0	0.0	0.0	0.0	0.0
k__Fungi;p__Ascomycota;c__Eurotiomycetes;o__Onygenales;f__Arthrodermataceae	0.0	0.0	0.0	2.2017217464056893e-05	0.0	0.0	0.0	0.0	0.0	0.0	0.0	0.0	0.0	0.0	0.0	0.0	0.0	0.0
k__Fungi;p__Ascomycota;c__Eurotiomycetes;o__Onygenales;f__Ascosphaeraceae	0.0	0.0	6.620762711864407e-05	0.0	0.0	0.0	0.0	0.0	0.0	0.0	0.0	0.0	0.0	0.0	0.0	0.0	0.0	0.0
k__Fungi;p__Ascomycota;c__Eurotiomycetes;o__Onygenales;f__Eremascaceae	0.0	0.0	0.0	0.0	0.0	0.0	0.0	0.0	0.0	0.00017246136865342165	0.0	0.0	0.0	0.0	0.0	0.0	0.0	0.0
k__Fungi;p__Ascomycota;c__Eurotiomycetes;o__Onygenales;f__Onygenales_fam_Incertae_sedis	0.0	0.0	0.0	0.0	0.0	2.1644084671659236e-05	4.8859139101969026e-05	0.0	0.0	0.0	0.0	0.0	0.0	0.0	0.0	0.0	0.0	0.0
k__Fungi;p__Ascomycota;c__Eurotiomycetes;o__Phaeomoniellales;f__Phaeomoniellaceae	0.0	0.0	0.0	0.0	0.0	2.1644084671659236e-05	0.0	0.0	0.0	0.0	0.0	0.0	0.0	0.0	0.0	0.0	0.0	0.0
k__Fungi;p__Ascomycota;c__Eurotiomycetes;o__Pyrenulales;f__Pyrenulaceae	0.0	0.0	0.0	6.605165239217068e-05	0.0	0.0	0.0	0.0	0.0	0.0	0.0	0.0	0.0	0.0	0.0	0.0	0.0	0.0
k__Fungi;p__Ascomycota;c__Eurotiomycetes;o__Verrucariales;f__Verrucariaceae	0.0001287763669611353	0.0010028972587474928	0.0	0.001034809220810674	0.0	2.1644084671659236e-05	0.0	1.8332141744119964e-05	0.0	0.00010347682119205298	0.0	0.0	0.0	0.0009505703422053232	0.0	0.0	0.0	0.0
k__Fungi;p__Ascomycota;c__Eurotiomycetes;o__unidentified;f__unidentified	0.0	0.0	0.0	2.2017217464056893e-05	0.0	0.0	0.0	0.0	0.0	0.0	0.0	0.0	0.0	0.0	0.0	0.0	0.0	0.0
k__Fungi;p__Ascomycota;c__GS37;o__GS37;f__unidentified	0.0	0.0	0.0	0.0	0.0	0.0	0.0	0.0	0.0	8.623068432671082e-05	0.0	0.0	0.0	0.0	0.0	0.0	0.0	0.0
k__Fungi;p__Ascomycota;c__Geoglossomycetes;o__Geoglossales;f__Geoglossaceae	0.0	0.0005014486293737464	0.0	2.2017217464056893e-05	0.0	0.0	0.0	1.8332141744119964e-05	0.00830403231839605	0.0017246136865342165	0.0	0.0	0.0	0.0	0.0	0.0	0.0	0.0
k__Fungi;p__Ascomycota;c__Lecanoromycetes;o__Acarosporales;f__Acarosporaceae	1.287763669611353e-05	0.003082980462075626	0.0	6.605165239217068e-05	0.0	0.0	0.0	0.0	3.740555098376599e-05	5.173841059602649e-05	0.0	0.0	0.0	0.0009505703422053232	0.0	0.01639344262295082	0.0	0.0
k__Fungi;p__Ascomycota;c__Lecanoromycetes;o__Caliciales;f__Caliciaceae	0.0	1.8572171458286904e-05	0.0	2.2017217464056893e-05	0.0	0.0	0.0	0.0	0.0	0.0001379690949227373	0.0	0.0	0.0	0.0	0.0	0.0	0.0	0.0
k__Fungi;p__Ascomycota;c__Lecanoromycetes;o__Caliciales;f__Physciaceae	0.0	0.0	0.0	0.0	0.0	0.0	0.0	0.0	1.2468516994588663e-05	3.449227373068433e-05	0.0	0.0	0.0	0.0009505703422053232	0.0	0.0	0.0	0.0
k__Fungi;p__Ascomycota;c__Lecanoromycetes;o__Candelariales;f__Candelariaceae	1.287763669611353e-05	0.0	0.0	8.806886985622757e-05	0.0	0.0	0.0	1.8332141744119964e-05	0.0	0.0	0.0	0.0	0.0	0.0	0.0	0.0	0.0	0.0
k__Fungi;p__Ascomycota;c__Lecanoromycetes;o__Lecanorales;f__Catillariaceae	1.287763669611353e-05	1.8572171458286904e-05	0.0	0.0	0.0	2.1644084671659236e-05	0.0	0.0	0.0	3.449227373068433e-05	0.0	0.0	0.0	0.0	0.0	0.0	0.0	0.0
k__Fungi;p__Ascomycota;c__Lecanoromycetes;o__Lecanorales;f__Cladoniaceae	0.0	0.0012071911447886488	0.0	2.2017217464056893e-05	0.0	0.0	0.0	0.0	0.0	0.0	0.0	0.0	0.0	0.0	0.0	0.0	0.0	0.0
k__Fungi;p__Ascomycota;c__Lecanoromycetes;o__Lecanorales;f__Haematommataceae	0.0	1.8572171458286904e-05	0.0	0.0	0.0	0.0	0.0	1.8332141744119964e-05	0.0	6.898454746136865e-05	0.0	0.0	0.0	0.0	0.0	0.0	0.0	0.0
k__Fungi;p__Ascomycota;c__Lecanoromycetes;o__Lecanorales;f__Lecanoraceae	0.0	5.571651437486071e-05	0.0	0.0	0.0	0.0	0.0	0.0	8.727961896212064e-05	0.0007070916114790286	0.0	0.0	0.0	0.0	0.0	0.0	0.0	0.0
k__Fungi;p__Ascomycota;c__Lecanoromycetes;o__Lecanorales;f__Micareaceae	0.0	0.0	0.0	2.2017217464056893e-05	0.0	0.0	0.0	0.0	0.0	0.0	0.0	0.0	0.0	0.0	0.0	0.0	0.0	0.0
k__Fungi;p__Ascomycota;c__Lecanoromycetes;o__Lecanorales;f__Parmeliaceae	0.0	0.0007057425154149024	6.620762711864407e-05	0.0	0.0004590921105716392	0.00010822042335829618	0.0	0.0	0.0012717887334480437	0.0	0.0	0.0	0.11012433392539965	0.0	0.0	0.0	0.0	0.0
k__Fungi;p__Ascomycota;c__Lecanoromycetes;o__Lecanorales;f__Porpidiaceae	1.287763669611353e-05	0.0	0.0	0.0	0.0	0.0	0.0	0.0	0.0001371536869404753	0.0	0.0	0.0	0.0	0.0	0.0	0.0	0.0	0.0
k__Fungi;p__Ascomycota;c__Lecanoromycetes;o__Lecanorales;f__Ramalinaceae	3.863291008834059e-05	0.014263427679964342	0.0	0.0015412052224839825	0.0	0.0	0.0	3.666428348823993e-05	1.2468516994588663e-05	3.449227373068433e-05	0.0	0.0	0.0	0.0	0.0	0.0	0.0	0.0
k__Fungi;p__Ascomycota;c__Lecanoromycetes;o__Lecanorales;f__Stereocaulaceae	0.0	0.0	0.0	0.0	0.0	0.0	0.0	0.0	1.2468516994588663e-05	0.0	0.0	0.0	0.0	0.0	0.0	0.0	0.0	0.0
k__Fungi;p__Ascomycota;c__Lecanoromycetes;o__Lecanorales;f__unidentified	0.0	0.00046430428645717256	0.0	0.0	0.0	0.0	0.0	0.0	0.0	0.0003966611479028698	0.0	0.0	0.0	0.0	0.0	0.0	0.0	0.0
k__Fungi;p__Ascomycota;c__Lecanoromycetes;o__Lecanoromycetes_ord_Incertae_sedis;f__Lecanoromycetes_fam_Incertae_sedis	0.0	1.8572171458286904e-05	0.0	0.0	0.0	0.0	0.0	0.0	0.0038028976833495414	8.623068432671082e-05	0.0	0.0	0.0029603315571343986	0.0	0.0	0.0	0.0	0.0
k__Fungi;p__Ascomycota;c__Lecanoromycetes;o__Ostropales;f__Graphidaceae	0.0	0.0032315578337419213	0.0	4.4034434928113786e-05	0.0	0.0	0.0	0.0	0.0	1.7246136865342163e-05	0.0	0.0	0.0	0.0	0.0	0.0	0.0	0.0
k__Fungi;p__Ascomycota;c__Lecanoromycetes;o__Ostropales;f__Stictidaceae	0.0	0.04123022063739692	0.0	0.0003963099143530241	0.0	0.0	0.0	7.332856697647986e-05	1.2468516994588663e-05	0.009692328918322297	0.0	0.0	0.0	0.0	0.0	0.0	0.0	0.0
k__Fungi;p__Ascomycota;c__Lecanoromycetes;o__Peltigerales;f__Coccocarpiaceae	0.0	0.0	0.0	0.0	0.0	0.0	0.0	0.0	0.0	3.449227373068433e-05	0.0	0.0	0.0	0.0	0.0	0.0	0.0	0.0
k__Fungi;p__Ascomycota;c__Lecanoromycetes;o__Peltigerales;f__Collemataceae	0.0	0.0	0.0	0.0	0.0	2.1644084671659236e-05	0.0	0.0	0.0	0.0	0.0	0.0	0.0	0.0	0.0	0.0	0.0	0.0
k__Fungi;p__Ascomycota;c__Lecanoromycetes;o__Pertusariales;f__Megasporaceae	1.287763669611353e-05	0.0	0.0	2.2017217464056893e-05	0.0	0.0	0.0	0.0	0.0	1.7246136865342163e-05	0.0	0.0	0.0	0.0009505703422053232	0.0	0.0	0.0	0.0
k__Fungi;p__Ascomycota;c__Lecanoromycetes;o__Pertusariales;f__Ochrolechiaceae	0.0	0.0	0.0	0.0	0.0	2.1644084671659236e-05	0.0	0.0	0.0	0.0	0.0	0.0	0.0	0.0	0.0	0.0	0.0	0.0
k__Fungi;p__Ascomycota;c__Lecanoromycetes;o__Sarrameanales;f__Sarrameanaceae	0.0	0.0	0.0	0.0	0.0	0.0	0.0	0.0	4.987406797835465e-05	0.0	0.0	0.0	0.0	0.0	0.0	0.0	0.0	0.0
k__Fungi;p__Ascomycota;c__Lecanoromycetes;o__Teloschistales;f__Teloschistaceae	0.0	0.00011143302874972141	6.620762711864407e-05	0.0	1.3911882138534523e-05	0.0	4.8859139101969026e-05	0.0	0.0001994962719134186	0.00012072295805739514	0.0	0.0	0.0	0.0	0.0	0.0	0.0	0.0
k__Fungi;p__Ascomycota;c__Lecanoromycetes;o__Trapeliales;f__Trapeliaceae	0.0	0.0	0.0	0.0	0.0	2.1644084671659236e-05	0.0	1.8332141744119964e-05	0.0	1.7246136865342163e-05	0.0	0.0	0.0	0.0	0.0	0.0	0.0	0.0
k__Fungi;p__Ascomycota;c__Lecanoromycetes;o__Umbilicariales;f__Umbilicariaceae	0.0	0.0	0.0	2.2017217464056893e-05	0.0	0.0	0.0	1.8332141744119964e-05	0.0	0.0	0.0	0.0	0.0	0.0	0.0	0.0	0.0	0.0
k__Fungi;p__Ascomycota;c__Lecanoromycetes;o__unidentified;f__unidentified	0.0	0.0005014486293737464	0.0	0.00022017217464056894	0.0	2.1644084671659236e-05	0.0	0.0025481677024326754	0.0	0.002931843267108168	0.0	0.0028735632183908046	0.0	0.0	0.0	0.0	0.0	0.0
k__Fungi;p__Ascomycota;c__Leotiomycetes;o__Erysiphales;f__Erysiphaceae	5.151054678445412e-05	0.0005943094866651809	0.00026483050847457627	0.0018494462669807784	0.0001252069392468107	0.0001298645080299554	4.8859139101969026e-05	1.8332141744119964e-05	4.987406797835465e-05	0.00025869205298013247	0.0	0.0	0.0005920663114268798	0.0	0.0	0.0	0.0	0.0
k__Fungi;p__Ascomycota;c__Leotiomycetes;o__Helotiales;f__Dermateaceae	2.575527339222706e-05	0.00014857737166629523	0.0	0.00019815495717651204	0.0	2.1644084671659236e-05	0.0	0.0008982749454618783	0.0	0.0008967991169977924	0.00014347202295552367	0.0	0.0	0.0	0.0	0.0	0.0	0.0
k__Fungi;p__Ascomycota;c__Leotiomycetes;o__Helotiales;f__Helotiaceae	0.0036057382749117815	0.022583760493276848	0.00046345338983050843	0.031110328276712364	0.0002921495249092249	0.00010822042335829618	0.0001954365564078761	0.06084437844873414	0.001047355427545448	0.021661147902869726	0.0	0.03735632183908046	0.002368265245707519	0.011406844106463879	0.0	0.0	0.0	0.0
k__Fungi;p__Ascomycota;c__Leotiomycetes;o__Helotiales;f__Helotiales_fam_Incertae_sedis	0.0001674092770494759	0.000390015600624025	0.0	0.00017613773971245515	5.564752855413809e-05	0.00045452577810484396	0.0009283236429374114	0.00014665713395295972	0.005249245654721827	0.003638934878587197	0.000430416068866571	0.0	0.03078744819419775	0.0	0.0	0.0	0.0	0.0
k__Fungi;p__Ascomycota;c__Leotiomycetes;o__Helotiales;f__Hyaloscyphaceae	0.002420995698869343	0.013037664363717404	6.620762711864407e-05	0.012109469605231286	0.00027823764277069043	0.0003246612700748885	4.8859139101969026e-05	0.010797631487286652	0.001670781277274881	0.025351821192052953	0.0	0.0028735632183908046	0.010657193605683835	0.0009505703422053232	0.0	0.0	0.0	0.0
k__Fungi;p__Ascomycota;c__Leotiomycetes;o__Helotiales;f__Leotiaceae	0.0	0.0	0.00013241525423728814	6.605165239217068e-05	0.0016555139744856078	2.1644084671659236e-05	0.0	1.8332141744119964e-05	0.0015835016583127604	5.173841059602649e-05	0.0	0.0	0.005920663114268798	0.0	0.0	0.06557377049180328	0.0	0.0
k__Fungi;p__Ascomycota;c__Leotiomycetes;o__Helotiales;f__Myxotrichaceae	0.006902413269116852	0.014263427679964342	6.620762711864407e-05	0.0704771131024461	0.0	6.49322540149777e-05	4.8859139101969026e-05	0.11122110396157572	0.0002618388568863619	0.017901490066225167	0.0020086083213773313	0.10344827586206895	0.0017761989342806395	0.012357414448669203	0.0	0.0	0.0	0.0
k__Fungi;p__Ascomycota;c__Leotiomycetes;o__Helotiales;f__Rutstroemiaceae	0.0	0.0	0.0	0.0	0.0	0.0	0.0	0.0	0.0011096980125183912	1.7246136865342163e-05	0.0	0.0	0.0005920663114268798	0.0	0.0	0.0	0.0	0.0
k__Fungi;p__Ascomycota;c__Leotiomycetes;o__Helotiales;f__Sclerotiniaceae	0.0	0.0	0.0	0.0	0.0	0.0	0.0	0.0	0.0001371536869404753	0.0001379690949227373	0.0	0.0	0.0	0.0	0.0	0.0	0.0	0.0
k__Fungi;p__Ascomycota;c__Leotiomycetes;o__Helotiales;f__Vibrisseaceae	0.0009787003889046282	0.00016714954312458213	0.0	6.605165239217068e-05	1.3911882138534523e-05	0.0	0.0	0.002768153403362115	0.0	0.0007243377483443709	0.00014347202295552367	0.0028735632183908046	0.0	0.006653992395437262	0.0	0.0	0.0	0.0
k__Fungi;p__Ascomycota;c__Leotiomycetes;o__Helotiales;f__unidentified	0.1586267288227259	0.03820295668969614	0.0009269067796610172	0.04170060987692375	0.002851935838399578	0.05326609237695346	0.0014169150339571018	0.017433866798658066	0.10407471135383137	0.021902593818984534	0.011334289813486368	0.05459770114942529	0.13380698638247487	0.060836501901140684	0.02631578947368421	0.04918032786885246	0.26	0.0
k__Fungi;p__Ascomycota;c__Leotiomycetes;o__Phacidiales;f__Phacidiaceae	0.0	0.0	0.0	0.0	0.0	0.0	0.0	0.0	0.0	0.00043115342163355406	0.0	0.0	0.0	0.0	0.0	0.0	0.0	0.0
k__Fungi;p__Ascomycota;c__Leotiomycetes;o__Rhytismatales;f__Rhytismataceae	0.003026244623586671	9.286085729143451e-05	0.00013241525423728814	8.806886985622757e-05	2.7823764277069045e-05	4.328816934331847e-05	0.0	5.499642523235989e-05	0.0001870277549188299	0.00012072295805739514	0.0021520803443328554	0.0	0.0	0.0	0.0	0.0	0.0	0.0
k__Fungi;p__Ascomycota;c__Leotiomycetes;o__Thelebolales;f__Pseudeurotiaceae	0.0	0.0	0.0	0.0	0.0	0.0	0.00014657741730590706	0.0	0.0	0.0	0.0	0.0	0.0005920663114268798	0.0	0.0	0.0	0.0	0.0
k__Fungi;p__Ascomycota;c__Leotiomycetes;o__Thelebolales;f__Thelebolaceae	0.0	5.571651437486071e-05	0.0	0.0	0.0	0.0	0.0	1.8332141744119964e-05	0.0	0.0	0.0	0.0	0.0	0.0	0.0	0.0	0.0	0.0
k__Fungi;p__Ascomycota;c__Leotiomycetes;o__unidentified;f__unidentified	1.287763669611353e-05	5.571651437486071e-05	6.620762711864407e-05	0.00017613773971245515	0.04250079993322295	2.1644084671659236e-05	0.012459080471002104	5.49964252323599e-05	0.027854666965911067	1.7246136865342163e-05	0.0027259684361549495	0.0	0.03256364712847839	0.0	0.0	0.04918032786885246	0.12	0.0
k__Fungi;p__Ascomycota;c__Neolectomycetes;o__Neolectales;f__Neolectaceae	0.0	0.0	0.0	0.0	0.0	0.0	0.0	1.8332141744119964e-05	0.0	0.0	0.0	0.0	0.0	0.0	0.0	0.0	0.0	0.0
k__Fungi;p__Ascomycota;c__Orbiliomycetes;o__GS33;f__unidentified	0.0	0.0	0.0	0.0	0.0	0.0	0.0	0.0	0.0	8.623068432671082e-05	0.0	0.0	0.0	0.0	0.0	0.0	0.0	0.0
k__Fungi;p__Ascomycota;c__Orbiliomycetes;o__Orbiliales;f__Orbiliaceae	0.0007597805650706982	0.0004643042864571726	0.0	4.4034434928113786e-05	0.0	2.1644084671659236e-05	0.0	0.00027498212616179944	1.2468516994588663e-05	0.0003104304635761589	0.0	0.0	0.0	0.0	0.0	0.0	0.04	0.0
k__Fungi;p__Ascomycota;c__Orbiliomycetes;o__unidentified;f__unidentified	0.0	0.0	0.0	0.0	0.0	0.0	0.0	0.0	0.0	5.173841059602649e-05	0.0	0.0	0.0	0.0	0.0	0.0	0.0	0.0
k__Fungi;p__Ascomycota;c__Pezizomycetes;o__Pezizales;f__Discinaceae	0.0	7.428868583314762e-05	0.0	2.2017217464056893e-05	0.0	0.0	0.0	0.0	0.0	0.00012072295805739514	0.0	0.0	0.0	0.0	0.0	0.0	0.0	0.0
k__Fungi;p__Ascomycota;c__Pezizomycetes;o__Pezizales;f__Pezizaceae	9.014345687279472e-05	0.0	0.0016551906779661023	8.806886985622757e-05	0.00015303070352387974	0.00021644084671659238	0.0003420139737137832	1.8332141744119964e-05	0.0	1.7246136865342163e-05	0.00014347202295552367	0.0028735632183908046	0.0	0.0	0.0	0.0	0.0	0.6666666666666666
k__Fungi;p__Ascomycota;c__Pezizomycetes;o__Pezizales;f__Pyronemataceae	0.0	0.0	6.620762711864407e-05	0.0	0.0	2.1644084671659236e-05	4.8859139101969026e-05	0.0	7.481110196753198e-05	0.0	0.000430416068866571	0.0	0.0	0.0	0.0	0.0	0.0	0.0
k__Fungi;p__Ascomycota;c__Pezizomycetes;o__Pezizales;f__Sarcoscyphaceae	0.0	7.428868583314762e-05	0.0	0.00022017217464056894	0.0	0.0	0.0	1.8332141744119964e-05	0.0	0.0002414459161147903	0.0	0.0	0.0	0.0	0.0	0.0	0.0	0.0
k__Fungi;p__Ascomycota;c__Pezizomycetes;o__Pezizales;f__Sarcosomataceae	0.0	0.0	0.0	0.0	0.0	0.0	0.0	0.0	0.0	1.7246136865342163e-05	0.0	0.0	0.0	0.0	0.0	0.0	0.0	0.0
k__Fungi;p__Ascomycota;c__Pezizomycetes;o__Pezizales;f__Tuberaceae	0.00032194091740283826	5.571651437486071e-05	0.0021186440677966106	0.0003302582619608534	0.00013911882138534522	0.00019479676204493313	0.0004397322519177213	5.499642523235989e-05	0.0	0.009140452538631348	0.00028694404591104734	0.0	0.0005920663114268798	0.0	0.0	0.0	0.0	0.0
k__Fungi;p__Ascomycota;c__Pezizomycetes;o__unidentified;f__unidentified	0.0	0.0	0.0	0.0	0.0	0.0	0.0	3.666428348823993e-05	0.0	0.0	0.0	0.0	0.0	0.0	0.0	0.0	0.0	0.0
k__Fungi;p__Ascomycota;c__Saccharomycetes;o__Saccharomycetales;f__Debaryomycetaceae	0.0	0.0	6.620762711864407e-05	0.0	0.0	0.0	0.0	0.0	0.0	0.0	0.0	0.0	0.0	0.0	0.0	0.0	0.0	0.0
k__Fungi;p__Ascomycota;c__Saccharomycetes;o__Saccharomycetales;f__Dipodascaceae	0.0	0.0	0.0	2.2017217464056893e-05	0.0	2.1644084671659236e-05	0.0	0.0	0.0004738036457943692	0.0	0.0	0.0	0.0	0.0	0.0	0.0	0.0	0.0
k__Fungi;p__Ascomycota;c__Saccharomycetes;o__Saccharomycetales;f__Pichiaceae	0.0	1.8572171458286904e-05	6.620762711864407e-05	0.0	0.0	2.1644084671659236e-05	0.0	0.0	0.0	3.449227373068433e-05	0.0	0.0	0.0	0.0	0.0	0.0	0.0	0.0
k__Fungi;p__Ascomycota;c__Saccharomycetes;o__Saccharomycetales;f__Saccharomycetaceae	0.00011589873026502177	0.0007986033727063369	0.0003310381355932203	2.2017217464056893e-05	2.7823764277069045e-05	0.0	0.00014657741730590706	1.8332141744119964e-05	0.0	0.000103476821192053	0.0	0.0	0.0	0.0	0.0	0.0	0.0	0.0
k__Fungi;p__Ascomycota;c__Saccharomycetes;o__Saccharomycetales;f__Saccharomycetales_fam_Incertae_sedis	7.726582017668118e-05	1.8572171458286904e-05	0.0	0.0	1.3911882138534523e-05	2.1644084671659236e-05	0.0	0.00029331426790591943	0.0003615869928430712	1.7246136865342163e-05	0.0	0.0	0.0	0.0	0.0	0.0	0.0	0.0
k__Fungi;p__Ascomycota;c__Saccharomycetes;o__Saccharomycetales;f__Saccharomycodaceae	0.00012877636696113532	1.8572171458286904e-05	0.0017876059322033905	8.806886985622757e-05	0.0001808544678009488	0.00028137310073157013	0.0003420139737137832	1.8332141744119964e-05	1.2468516994588663e-05	0.0	0.00014347202295552367	0.0	0.0	0.0	0.0	0.0	0.0	0.0
k__Fungi;p__Ascomycota;c__Saccharomycetes;o__Saccharomycetales;f__Trichomonascaceae	0.0	0.00027858257187430354	6.620762711864407e-05	0.00015412052224839825	0.0	4.328816934331847e-05	0.0	0.0	6.234258497294332e-05	5.173841059602649e-05	0.0	0.0	0.0	0.0	0.0	0.0	0.0	0.0
k__Fungi;p__Ascomycota;c__Saccharomycetes;o__Saccharomycetales;f__unidentified	0.0001287763669611353	3.714434291657381e-05	0.0	0.00015412052224839825	0.0	0.0	4.8859139101969026e-05	0.0	0.0	0.0	0.0	0.0	0.0	0.0076045627376425855	0.0	0.0	0.0	0.0
k__Fungi;p__Ascomycota;c__Schizosaccharomycetes;o__Schizosaccharomycetales;f__Schizosaccharomycetaceae	0.0	0.0	0.0	0.0	0.0	0.0	0.0	0.0	0.0	1.7246136865342163e-05	0.0	0.0	0.0	0.0	0.0	0.0	0.0	0.0
k__Fungi;p__Ascomycota;c__Sordariomycetes;o__Branch06;f__unidentified	0.0	0.0	0.0	0.0	0.0	0.001385221418986191	0.0	0.0	0.0	0.0	0.0	0.0	0.0	0.0	0.0	0.0	0.0	0.0
k__Fungi;p__Ascomycota;c__Sordariomycetes;o__Calosphaeriales;f__Calosphaeriaceae	1.287763669611353e-05	0.0	0.0	0.0	0.0	0.0	0.0	0.0	0.0	0.0	0.0	0.0	0.0	0.0	0.0	0.0	0.0	0.0
k__Fungi;p__Ascomycota;c__Sordariomycetes;o__Calosphaeriales;f__Pleurostomataceae	0.0	0.0	0.0	2.2017217464056893e-05	0.0	0.0	0.0	0.0	0.0	1.7246136865342163e-05	0.0	0.0	0.0	0.0	0.0	0.0	0.0	0.0
k__Fungi;p__Ascomycota;c__Sordariomycetes;o__Chaetosphaeriales;f__Chaetosphaeriaceae	0.00011589873026502176	0.001931505831661838	0.0006620762711864408	0.001673308527268324	4.1735646415603566e-05	2.1644084671659236e-05	0.00024429569550984514	1.8332141744119964e-05	4.987406797835465e-05	0.000103476821192053	0.0	0.0	0.0	0.0	0.0	0.0	0.0	0.0
k__Fungi;p__Ascomycota;c__Sordariomycetes;o__Coniochaetales;f__Coniochaetaceae	0.0	0.0	6.620762711864407e-05	0.0	0.0001947663499394833	6.49322540149777e-05	4.8859139101969026e-05	0.0	0.008653150794244533	0.0	0.0030129124820659973	0.0	0.016577856719952634	0.0	0.0	0.0	0.0	0.0
k__Fungi;p__Ascomycota;c__Sordariomycetes;o__Coniochaetales;f__unidentified	0.0	0.0	0.0	2.2017217464056893e-05	0.0	0.0	0.0	0.0	0.0	0.0	0.0	0.0	0.0	0.0	0.0	0.0	0.0	0.0
k__Fungi;p__Ascomycota;c__Sordariomycetes;o__Diaporthales;f__Diaporthaceae	0.0	0.001522918059579526	0.0	0.0003742926968889672	1.3911882138534523e-05	0.0004328816934331847	0.0	1.8332141744119964e-05	0.0	0.0001897075055187638	0.0	0.0	0.0	0.0	0.0	0.0	0.0	0.0
k__Fungi;p__Ascomycota;c__Sordariomycetes;o__Diaporthales;f__Gnomoniaceae	0.0	0.0	0.0	0.0	0.0	0.0	0.0	3.666428348823993e-05	0.0	0.0	0.0	0.0	0.0	0.0	0.0	0.0	0.0	0.0
k__Fungi;p__Ascomycota;c__Sordariomycetes;o__Diaporthales;f__Melanconidaceae	0.0	0.0	0.0	0.0	0.0	0.0	0.0	0.0	6.234258497294332e-05	0.0	0.0	0.0	0.0	0.0	0.0	0.0	0.0	0.0
k__Fungi;p__Ascomycota;c__Sordariomycetes;o__Diaporthales;f__Valsaceae	0.0	0.0	0.0	0.0	1.3911882138534523e-05	0.0	0.0	0.0	1.2468516994588663e-05	1.7246136865342163e-05	0.0	0.0	0.0	0.0	0.0	0.0	0.0	0.0
k__Fungi;p__Ascomycota;c__Sordariomycetes;o__Glomerellales;f__Glomerellaceae	0.0	0.0	0.00013241525423728814	0.0	1.3911882138534523e-05	0.00010822042335829618	0.0	3.666428348823993e-05	0.0013465998354155763	0.0	0.0	0.0	0.0	0.0	0.0	0.0	0.0	0.0
k__Fungi;p__Ascomycota;c__Sordariomycetes;o__Glomerellales;f__Plectosphaerellaceae	0.00014165400365724886	9.286085729143451e-05	0.00013241525423728814	2.2017217464056893e-05	0.024276234331742738	0.0007791870481797325	0.006253969805052035	5.49964252323599e-05	0.0012219146654696893	3.449227373068433e-05	0.000860832137733142	0.0	0.002960331557134399	0.0	0.0	0.0	0.0	0.0
k__Fungi;p__Ascomycota;c__Sordariomycetes;o__Hypocreales;f__Bionectriaceae	0.0	0.0005014486293737464	0.0	0.0003082410444967965	1.3911882138534523e-05	4.328816934331847e-05	0.0	0.0	0.0004363980948106032	0.0	0.0	0.0	0.003552397868561279	0.0	0.0	0.0	0.0	0.0
k__Fungi;p__Ascomycota;c__Sordariomycetes;o__Hypocreales;f__Clavicipitaceae	0.0006567594715017896	0.00033429908624916426	6.620762711864407e-05	0.0006825337413857637	0.0022815486707196617	0.00047616986277650316	0.002198661259588606	0.07902986305890117	0.0	0.00022419977924944816	0.00014347202295552367	0.022988505747126436	0.0011841326228537595	0.0009505703422053232	0.0	0.0	0.0	0.0
k__Fungi;p__Ascomycota;c__Sordariomycetes;o__Hypocreales;f__Cordycipitaceae	6.438818348056765e-05	0.0006685981724983285	0.0	0.002664083313150884	0.006441201430141483	0.00010822042335829618	0.0013191967557531635	0.0013749106308089975	0.00032418144185930527	3.449227373068433e-05	0.008464849354375895	0.0028735632183908046	0.0	0.0	0.0	0.0	0.0	0.0
k__Fungi;p__Ascomycota;c__Sordariomycetes;o__Hypocreales;f__Hypocreaceae	0.0005794936513251089	0.00022286605749944287	0.0	0.0006825337413857637	0.0	2.1644084671659236e-05	0.0	0.0869860125758492	2.4937033989177326e-05	0.0012934602649006624	0.003012912482065997	0.040229885057471264	0.0	0.0009505703422053232	0.0	0.0	0.0	0.0
k__Fungi;p__Ascomycota;c__Sordariomycetes;o__Hypocreales;f__Hypocreales_fam_Incertae_sedis	2.575527339222706e-05	0.00018572171458286903	0.0	0.00013210330478434135	1.3911882138534523e-05	8.657633868663694e-05	0.0	3.666428348823993e-05	4.987406797835465e-05	0.0	0.00014347202295552367	0.0	0.0	0.0	0.0	0.0	0.0	0.0
k__Fungi;p__Ascomycota;c__Sordariomycetes;o__Hypocreales;f__Nectriaceae	0.0002446750972261571	0.0007057425154149023	0.0016551906779661023	0.0011448953081309584	0.0007651535176193986	0.010064499372321555	0.0017100698685689154	0.004418046160332914	2.4937033989177326e-05	0.001172737306843267	0.004447632711621233	0.11206896551724138	0.0	0.0	0.02631578947368421	0.0	0.0	0.0
k__Fungi;p__Ascomycota;c__Sordariomycetes;o__Hypocreales;f__Ophiocordycipitaceae	1.287763669611353e-05	3.714434291657381e-05	0.0	0.00017613773971245515	0.0003477970534633631	0.0004545257781048439	0.00014657741730590706	7.332856697647986e-05	2.4937033989177326e-05	1.7246136865342163e-05	0.000430416068866571	0.0	0.002960331557134399	0.0	0.0	0.0	0.0	0.0
k__Fungi;p__Ascomycota;c__Sordariomycetes;o__Hypocreales;f__Stachybotryaceae	0.0	0.0	0.0	0.0	1.3911882138534523e-05	0.00010822042335829618	0.0	1.8332141744119964e-05	0.0002618388568863619	1.7246136865342163e-05	0.0	0.0	0.0005920663114268798	0.0	0.0	0.0	0.0	0.0
k__Fungi;p__Ascomycota;c__Sordariomycetes;o__Hypocreales;f__unidentified	0.0	0.0	0.0	8.806886985622757e-05	5.564752855413809e-05	0.0077918704817973245	0.0012703376166511946	0.002548167702432676	0.0	0.0013279525386313469	0.0005738880918220947	0.0028735632183908046	0.0	0.0	0.0	0.0	0.0	0.0
k__Fungi;p__Ascomycota;c__Sordariomycetes;o__Magnaporthales;f__Magnaporthaceae	0.0	3.714434291657381e-05	0.0	0.0	0.0	0.00047616986277650316	4.8859139101969026e-05	0.0	0.0	1.7246136865342163e-05	0.0	0.0	0.0	0.0	0.0	0.0	0.0	0.0
k__Fungi;p__Ascomycota;c__Sordariomycetes;o__Microascales;f__Ceratocystidaceae	1.287763669611353e-05	0.0	0.0	2.2017217464056893e-05	2.7823764277069045e-05	0.0	0.0	0.0	0.0	0.0	0.0	0.0	0.0	0.0	0.0	0.0	0.0	0.0
k__Fungi;p__Ascomycota;c__Sordariomycetes;o__Microascales;f__Microascaceae	1.287763669611353e-05	0.0	0.0	2.2017217464056893e-05	0.0	2.1644084671659236e-05	0.0	0.0	0.0	0.00010347682119205298	0.0	0.0	0.0	0.0	0.0	0.0	0.0	0.0
k__Fungi;p__Ascomycota;c__Sordariomycetes;o__Myrmecridiales;f__Myrmecridiaceae	0.0	0.0	0.0	0.0	0.0006816822247881916	4.328816934331847e-05	0.0	0.0	0.002007431236128775	0.0	0.0	0.0	0.0076968620485494375	0.0	0.0	0.0	0.0	0.0
k__Fungi;p__Ascomycota;c__Sordariomycetes;o__Ophiostomatales;f__Ophiostomataceae	1.287763669611353e-05	0.0	0.0	0.0	0.0	4.328816934331847e-05	0.0	0.0	3.740555098376599e-05	0.000103476821192053	0.0	0.0	0.0	0.0	0.0	0.0	0.0	0.0
k__Fungi;p__Ascomycota;c__Sordariomycetes;o__Phyllachorales;f__Phaeochoraceae	0.0	0.0	0.0	2.2017217464056893e-05	0.0	0.0	0.0	0.0	0.0	0.0	0.0	0.0	0.0	0.0	0.0	0.0	0.0	0.0
k__Fungi;p__Ascomycota;c__Sordariomycetes;o__Pleurotheciales;f__Pleurotheciaceae	0.0	0.0	0.0	0.0	0.0	2.1644084671659236e-05	0.0	0.0	0.0	0.0	0.0	0.0	0.0	0.0	0.0	0.0	0.0	0.0
k__Fungi;p__Ascomycota;c__Sordariomycetes;o__Sordariales;f__Cephalothecaceae	0.0	0.0	0.0	0.0	0.0	0.0	0.0	0.0	0.0	1.7246136865342163e-05	0.0	0.0	0.0	0.0	0.0	0.0	0.0	0.0
k__Fungi;p__Ascomycota;c__Sordariomycetes;o__Sordariales;f__Chaetomiaceae	1.287763669611353e-05	0.0	0.0	0.0	0.0	0.0001298645080299554	0.03845214247324963	1.8332141744119964e-05	0.0	0.00012072295805739515	0.00014347202295552367	0.0	0.0	0.0	0.0	0.0	0.02	0.0
k__Fungi;p__Ascomycota;c__Sordariomycetes;o__Sordariales;f__Lasiosphaeriaceae	0.0	0.0	0.0	2.2017217464056893e-05	1.3911882138534523e-05	2.1644084671659236e-05	4.8859139101969026e-05	0.0	0.0	1.7246136865342163e-05	0.0	0.0	0.0	0.0	0.0	0.0	0.0	0.0
k__Fungi;p__Ascomycota;c__Sordariomycetes;o__Sordariales;f__Sordariaceae	0.0	0.0	0.0	0.0	1.3911882138534523e-05	0.0	0.0	0.0	0.0	0.0	0.0	0.0	0.0	0.0	0.0	0.0	0.0	0.0
k__Fungi;p__Ascomycota;c__Sordariomycetes;o__Sordariales;f__Sordariales_fam_Incertae_sedis	0.0	7.428868583314762e-05	0.0	0.00011008608732028446	0.0	0.0	0.0	1.8332141744119964e-05	0.0	1.7246136865342163e-05	0.0	0.0	0.0	0.0	0.0	0.0	0.0	0.0
k__Fungi;p__Ascomycota;c__Sordariomycetes;o__Sordariales;f__unidentified	1.287763669611353e-05	0.0	0.0	0.0	5.564752855413809e-05	0.0	0.0	0.0	0.0001745592379242413	0.0	0.0	0.0	0.0	0.0	0.0	0.0	0.0	0.0
k__Fungi;p__Ascomycota;c__Sordariomycetes;o__Togniniales;f__Togniniaceae	0.0	0.0	0.0	0.0	0.0	0.0	0.0	0.0	0.0	1.7246136865342163e-05	0.00028694404591104734	0.0	0.0	0.0	0.0	0.0	0.0	0.0
k__Fungi;p__Ascomycota;c__Sordariomycetes;o__Trichosphaeriales;f__Trichosphaeriaceae	0.0	0.0	0.0	0.0	0.0	0.0	0.0	0.0	3.740555098376599e-05	3.449227373068433e-05	0.0	0.0	0.0	0.0	0.0	0.0	0.0	0.0
k__Fungi;p__Ascomycota;c__Sordariomycetes;o__Xylariales;f__Amphisphaeriaceae	0.0	0.0	0.0	0.0	0.0	0.0	0.0	0.0	1.2468516994588663e-05	0.0	0.0	0.0	0.0	0.0	0.0	0.0	0.0	0.0
k__Fungi;p__Ascomycota;c__Sordariomycetes;o__Xylariales;f__Apiosporaceae	0.0	0.0	0.0	0.0	0.0	0.0	0.0	0.0	0.0	3.449227373068433e-05	0.0	0.0	0.0	0.0	0.0	0.0	0.0	0.0
k__Fungi;p__Ascomycota;c__Sordariomycetes;o__Xylariales;f__Beltraniaceae	0.0	0.0	6.620762711864407e-05	0.0	0.0	0.0	0.0	0.0	0.0	0.0	0.0	0.0	0.0	0.0	0.0	0.0	0.0	0.0
k__Fungi;p__Ascomycota;c__Sordariomycetes;o__Xylariales;f__Cainiaceae	0.0	0.0	0.0	0.0	0.0	0.0	0.0	0.0	0.0	1.7246136865342163e-05	0.0	0.0	0.0	0.0	0.0	0.0	0.0	0.0
k__Fungi;p__Ascomycota;c__Sordariomycetes;o__Xylariales;f__Coniocessiaceae	5.151054678445412e-05	0.0	6.620762711864407e-05	0.0	0.0	0.0	0.0	0.0	1.2468516994588663e-05	0.0	0.0	0.0	0.0	0.0	0.0	0.0	0.0	0.0
k__Fungi;p__Ascomycota;c__Sordariomycetes;o__Xylariales;f__Diatrypaceae	0.0	0.0	0.0	0.0	1.3911882138534523e-05	0.0	0.0	0.0	1.2468516994588663e-05	0.0	0.0	0.0	0.0	0.0	0.0	0.0	0.0	0.0
k__Fungi;p__Ascomycota;c__Sordariomycetes;o__Xylariales;f__Hyponectriaceae	1.287763669611353e-05	0.0	0.0	2.2017217464056893e-05	0.0	0.0	0.0	0.0	0.0	1.7246136865342163e-05	0.0	0.0	0.0	0.0	0.0	0.0	0.0	0.0
k__Fungi;p__Ascomycota;c__Sordariomycetes;o__Xylariales;f__Microdochiaceae	0.0	0.0	6.620762711864407e-05	0.0	0.0	0.0	0.0	0.0	0.0	0.0	0.0	0.0	0.0	0.0	0.0	0.0	0.0	0.0
k__Fungi;p__Ascomycota;c__Sordariomycetes;o__Xylariales;f__Sporocadaceae	0.0	1.8572171458286904e-05	0.0	0.0	0.0	2.1644084671659236e-05	4.8859139101969026e-05	1.8332141744119964e-05	0.0	5.173841059602649e-05	0.0	0.0	0.0	0.0	0.0	0.0	0.0	0.0
k__Fungi;p__Ascomycota;c__Sordariomycetes;o__Xylariales;f__Xylariaceae	1.287763669611353e-05	5.571651437486071e-05	0.0	0.00024218939210462584	0.0	0.0003246612700748886	4.8859139101969026e-05	0.0011732570716236777	2.4937033989177326e-05	0.0010692604856512142	0.0	0.0	0.0005920663114268798	0.0	0.0	0.03278688524590164	0.0	0.0
k__Fungi;p__Ascomycota;c__Sordariomycetes;o__Xylariales;f__unidentified	1.287763669611353e-05	0.0	0.0	0.0	0.0	0.00021644084671659236	0.0	0.0	0.0	6.898454746136865e-05	0.0	0.0	0.0	0.0	0.0	0.0	0.0	0.0
k__Fungi;p__Ascomycota;c__Sordariomycetes;o__unidentified;f__unidentified	0.00037345146418729235	9.286085729143451e-05	6.620762711864407e-05	0.00024218939210462584	4.1735646415603566e-05	0.0004978139474481624	0.0001954365564078761	0.0001099928504647198	0.0004987406797835465	0.001552152317880795	0.0	0.0	0.0	0.0009505703422053232	0.0	0.0	0.0	0.0
k__Fungi;p__Ascomycota;c__Taphrinomycetes;o__Taphrinales;f__Protomycetaceae	0.0	0.0	0.0	0.0	0.0	6.49322540149777e-05	0.0	0.0	0.0	3.449227373068433e-05	0.0	0.0	0.0	0.0	0.0	0.0	0.0	0.0
k__Fungi;p__Ascomycota;c__Taphrinomycetes;o__Taphrinales;f__Taphrinaceae	0.0	0.0005200208008320333	0.0	0.00019815495717651204	0.0	0.0	0.0	0.0	0.0	6.898454746136865e-05	0.0	0.0	0.0	0.0	0.0	0.0	0.0	0.0
k__Fungi;p__Ascomycota;c__Xylonomycetes;o__GS34;f__unidentified	0.0001287763669611353	0.0010028972587474928	0.0	0.0010348092208106738	2.7823764277069045e-05	0.0	0.0	0.0	4.987406797835465e-05	0.0	0.0	0.0	0.0	0.0	0.0	0.0	0.0	0.0
k__Fungi;p__Ascomycota;c__unidentified;o__unidentified;f__unidentified	5.151054678445412e-05	0.012239060991011066	0.00046345338983050843	0.01915497919372949	0.1218680875335623	0.17600969654993232	0.0004885913910196903	0.009092742305083503	0.06387621256327762	0.05132450331125829	0.00430416068866571	0.008620689655172414	0.1829484902309059	0.0	0.07894736842105263	0.3770491803278688	0.0	0.0
k__Fungi;p__Basidiomycota;c__Agaricomycetes;o__Agaricales;f__Agaricaceae	0.0	0.0	0.0003972457627118644	2.2017217464056893e-05	5.564752855413809e-05	2.1644084671659236e-05	0.0	0.0	0.0	0.0	0.0	0.0	0.0	0.0	0.0	0.0	0.0	0.0
k__Fungi;p__Basidiomycota;c__Agaricomycetes;o__Agaricales;f__Amanitaceae	0.006310041981095634	0.0006685981724983286	0.00019862288135593222	0.0009687575684185032	0.0	0.0	0.0	0.029203101798383105	0.0	0.00025869205298013247	0.0	0.0028735632183908046	0.0	0.013307984790874522	0.0	0.0	0.0	0.0
k__Fungi;p__Basidiomycota;c__Agaricomycetes;o__Agaricales;f__Bolbitiaceae	0.0	0.0	0.0	0.0	0.0	0.0	4.8859139101969026e-05	0.0	0.0	0.0	0.0	0.0	0.0	0.0	0.0	0.0	0.0	0.0
k__Fungi;p__Basidiomycota;c__Agaricomycetes;o__Agaricales;f__Clavariaceae	1.287763669611353e-05	0.0	0.0	0.0	1.3911882138534523e-05	0.0	0.0	1.8332141744119964e-05	0.0	0.0	0.0	0.0	0.0	0.0	0.0	0.0	0.0	0.0
k__Fungi;p__Basidiomycota;c__Agaricomycetes;o__Agaricales;f__Cortinariaceae	1.287763669611353e-05	0.0	0.0	2.2017217464056893e-05	4.1735646415603566e-05	2.1644084671659236e-05	9.771827820393805e-05	0.0	0.0	1.7246136865342163e-05	0.0	0.0	0.0	0.0	0.0	0.0	0.0	0.0
k__Fungi;p__Basidiomycota;c__Agaricomycetes;o__Agaricales;f__Crepidotaceae	0.0	0.0	0.0	0.0	0.0	2.1644084671659236e-05	0.0	0.0	0.0	0.0	0.0	0.0	0.0	0.0	0.0	0.0	0.0	0.0
k__Fungi;p__Basidiomycota;c__Agaricomycetes;o__Agaricales;f__Entolomataceae	1.287763669611353e-05	0.0003528712577074512	6.620762711864407e-05	0.00022017217464056894	0.0	2.1644084671659236e-05	0.0	5.499642523235989e-05	0.0	0.00032767660044150115	0.0	0.0	0.0	0.0	0.0	0.0	0.0	0.0
k__Fungi;p__Basidiomycota;c__Agaricomycetes;o__Agaricales;f__Hebelomataceae	2.575527339222706e-05	0.0	0.00019862288135593222	0.0	0.0	0.0	0.0	0.0	0.0	0.0	0.0	0.0	0.0	0.0	0.0	0.0	0.0	0.0
k__Fungi;p__Basidiomycota;c__Agaricomycetes;o__Agaricales;f__Hydnangiaceae	1.287763669611353e-05	0.012183344476636203	0.0	0.013694709262643386	0.0	2.1644084671659236e-05	0.0	0.002768153403362115	0.0	0.0	0.0	0.0	0.0	0.0	0.0	0.0	0.0	0.0
k__Fungi;p__Basidiomycota;c__Agaricomycetes;o__Agaricales;f__Hygrophoraceae	1.287763669611353e-05	0.0	0.0	0.0	0.0	0.0	0.0	1.8332141744119964e-05	0.0	0.0001897075055187638	0.0	0.0	0.0	0.0	0.0	0.0	0.0	0.0
k__Fungi;p__Basidiomycota;c__Agaricomycetes;o__Agaricales;f__Hymenogastraceae	6.438818348056765e-05	0.0	0.0003972457627118644	4.4034434928113786e-05	8.347129283120713e-05	2.1644084671659236e-05	9.771827820393805e-05	0.0	0.0	0.0	0.00014347202295552367	0.0	0.0	0.0	0.0	0.0	0.0	0.0
k__Fungi;p__Basidiomycota;c__Agaricomycetes;o__Agaricales;f__Inocybaceae	1.287763669611353e-05	0.0	0.0	2.2017217464056893e-05	0.0	0.0	0.0	0.0	0.0	0.0019143211920529802	0.0	0.0	0.0	0.0	0.0	0.0	0.0	0.0
k__Fungi;p__Basidiomycota;c__Agaricomycetes;o__Agaricales;f__Lyophyllaceae	1.287763669611353e-05	0.0	0.0	0.0	0.0	0.0	0.0	0.0	0.0	0.0	0.0	0.0	0.0	0.0	0.0	0.0	0.0	0.0
k__Fungi;p__Basidiomycota;c__Agaricomycetes;o__Agaricales;f__Marasmiaceae	0.0	0.0	6.620762711864407e-05	0.0	2.7823764277069045e-05	0.0	0.0	0.0	0.0	0.0	0.0	0.0	0.0	0.0	0.0	0.0	0.0	0.0
k__Fungi;p__Basidiomycota;c__Agaricomycetes;o__Agaricales;f__Mycenaceae	9.01434568727947e-05	0.0	0.0	0.0	0.0	0.0	0.0	0.0	0.0	0.0	0.0	0.0	0.0	0.0	0.0	0.0	0.0	0.0
k__Fungi;p__Basidiomycota;c__Agaricomycetes;o__Agaricales;f__Omphalotaceae	2.575527339222706e-05	1.8572171458286904e-05	0.00019862288135593222	0.0	2.7823764277069045e-05	2.1644084671659236e-05	4.8859139101969026e-05	0.0	0.0	1.7246136865342163e-05	0.0	0.0	0.0	0.0	0.0	0.0	0.0	0.0
k__Fungi;p__Basidiomycota;c__Agaricomycetes;o__Agaricales;f__Physalacriaceae	0.0	0.00011143302874972142	0.0	0.0	0.0	0.0	0.0	0.0	0.0	0.0	0.0	0.0	0.0	0.0	0.0	0.0	0.0	0.0
k__Fungi;p__Basidiomycota;c__Agaricomycetes;o__Agaricales;f__Pluteaceae	0.0	0.0	0.00013241525423728814	0.0	0.0	0.0	0.0	0.0	0.0	0.0	0.0	0.0	0.0	0.0	0.0	0.0	0.0	0.0
k__Fungi;p__Basidiomycota;c__Agaricomycetes;o__Agaricales;f__Psathyrellaceae	0.0	0.0	0.0	0.0	0.0	0.0	0.0	0.0	0.0	0.0017418598233995585	0.0	0.0	0.0005920663114268798	0.0	0.0	0.0	0.0	0.0
k__Fungi;p__Basidiomycota;c__Agaricomycetes;o__Agaricales;f__Strophariaceae	1.287763669611353e-05	0.0	0.0	2.2017217464056893e-05	4.1735646415603566e-05	0.0	0.0	0.0	0.0	0.0	0.0	0.0	0.0	0.0	0.0	0.0	0.0	0.0
k__Fungi;p__Basidiomycota;c__Agaricomycetes;o__Agaricales;f__Tricholomataceae	0.044981584979524605	0.0031201248049922	0.0	0.001827429049516722	8.347129283120713e-05	0.0	0.0	0.04669196502227355	0.0	0.0013279525386313466	0.0	0.008620689655172414	0.0	0.02946768060836502	0.0	0.0	0.0	0.0
k__Fungi;p__Basidiomycota;c__Agaricomycetes;o__Agaricales;f__Typhulaceae	0.0	3.714434291657381e-05	0.0	0.0	0.0	0.0	4.8859139101969026e-05	0.0	0.0	0.0	0.0	0.0	0.0	0.0	0.0	0.0	0.0	0.0
k__Fungi;p__Basidiomycota;c__Agaricomycetes;o__Agaricales;f__unidentified	0.0001674092770494759	0.0	0.0019200211864406787	0.00017613773971245515	0.0002365019963550869	0.00023808493138825163	0.0006351688083255974	0.0003666428348823993	0.0	0.00015521523178807948	0.0	0.0028735632183908046	0.0	0.0028517110266159697	0.0	0.0	0.0	0.3333333333333333
k__Fungi;p__Basidiomycota;c__Agaricomycetes;o__Amylocorticiales;f__Amylocorticiaceae	0.0	0.0	0.0	0.0	0.0	0.0	0.0	0.0	0.0	1.7246136865342163e-05	0.0	0.0	0.0	0.0	0.0	0.0	0.0	0.0
k__Fungi;p__Basidiomycota;c__Agaricomycetes;o__Atheliales;f__Atheliaceae	0.021235222911891234	0.0010771859445806405	6.620762711864407e-05	0.0002421893921046258	1.3911882138534523e-05	0.0	0.0	0.0	0.0	0.00022419977924944813	0.0	0.0	0.0	0.014258555133079848	0.0	0.0	0.0	0.0
k__Fungi;p__Basidiomycota;c__Agaricomycetes;o__Auriculariales;f__Exidiaceae	0.0	0.0	0.0	0.0	0.0	0.0	0.0	0.0	1.2468516994588663e-05	0.21516280353200898	0.0	0.0	0.0	0.0	0.0	0.0	0.0	0.0
k__Fungi;p__Basidiomycota;c__Agaricomycetes;o__Auriculariales;f__Hyaloriaceae	0.0	0.0	0.0	0.0	0.0	6.49322540149777e-05	0.0	0.0	0.0	0.0	0.0	0.0	0.0	0.0	0.02631578947368421	0.0	0.0	0.0
k__Fungi;p__Basidiomycota;c__Agaricomycetes;o__Auriculariales;f__unidentified	0.0	0.0	0.0	0.0	2.7823764277069045e-05	0.0	0.0	0.0	0.0	0.0004656456953642384	0.0	0.0	0.0	0.0	0.0	0.0	0.0	0.0
k__Fungi;p__Basidiomycota;c__Agaricomycetes;o__Boletales;f__Boletaceae	0.0	0.0	0.0	2.2017217464056893e-05	0.0	0.0	0.0	0.0316779409338393	0.0	5.173841059602649e-05	0.0	0.014367816091954023	0.0	0.0009505703422053232	0.0	0.0	0.0	0.0
k__Fungi;p__Basidiomycota;c__Agaricomycetes;o__Boletales;f__Pisolithaceae	0.0	5.571651437486071e-05	0.0	0.0	0.0	0.0	0.0	0.0	0.0	0.0	0.0	0.0	0.0	0.0	0.0	0.0	0.0	0.0
k__Fungi;p__Basidiomycota;c__Agaricomycetes;o__Boletales;f__Rhizopogonaceae	2.575527339222706e-05	0.00824604412747938	0.0003972457627118644	0.01721746405689248	5.564752855413809e-05	0.0003246612700748885	4.8859139101969026e-05	1.8332141744119964e-05	0.0	1.7246136865342163e-05	0.00028694404591104734	0.0	0.0	0.0	0.0	0.0	0.0	0.0
k__Fungi;p__Basidiomycota;c__Agaricomycetes;o__Boletales;f__Sclerodermataceae	0.0	0.0	0.0	0.0	0.0	0.0	0.0	0.0	0.00028677589087553926	0.0	0.8371592539454805	0.0	0.0	0.0	0.0	0.0	0.0	0.0
k__Fungi;p__Basidiomycota;c__Agaricomycetes;o__Boletales;f__Suillaceae	0.0	0.0	0.0	0.0	0.0	0.0	0.0	1.8332141744119964e-05	0.0	0.0	0.0	0.0	0.0	0.0	0.0	0.0	0.0	0.0
k__Fungi;p__Basidiomycota;c__Agaricomycetes;o__Boletales;f__unidentified	0.0	0.0	0.0	0.0	0.0	0.0	0.0	0.041925608168802364	0.0	0.0	0.0	0.014367816091954023	0.0	0.0	0.0	0.0	0.0	0.0
k__Fungi;p__Basidiomycota;c__Agaricomycetes;o__Cantharellales;f__Botryobasidiaceae	0.00011589873026502176	0.00026001040041601667	0.0	6.605165239217068e-05	0.0	0.0	0.0	3.666428348823993e-05	0.0	0.0002414459161147903	0.0	0.0	0.0	0.0	0.0	0.0	0.0	0.0
k__Fungi;p__Basidiomycota;c__Agaricomycetes;o__Cantharellales;f__Cantharellaceae	0.0	0.0	0.0	0.0	0.0	0.0	0.0	0.0	0.0	0.007157146799116998	0.0	0.0	0.0	0.0	0.0	0.0	0.0	0.0
k__Fungi;p__Basidiomycota;c__Agaricomycetes;o__Cantharellales;f__Cantharellales_fam_Incertae_sedis	0.0	1.8572171458286904e-05	0.0	2.2017217464056893e-05	4.1735646415603566e-05	0.0	0.0	1.8332141744119964e-05	0.0	0.00015521523178807948	0.0	0.0	0.0	0.0	0.0	0.0	0.0	0.0
k__Fungi;p__Basidiomycota;c__Agaricomycetes;o__Cantharellales;f__Ceratobasidiaceae	0.0	0.0	6.620762711864407e-05	2.2017217464056893e-05	0.0	2.1644084671659236e-05	0.0	0.0	0.0	3.449227373068433e-05	0.0	0.0	0.0	0.0	0.0	0.0	0.0	0.0
k__Fungi;p__Basidiomycota;c__Agaricomycetes;o__Cantharellales;f__Clavulinaceae	0.0	0.0	6.620762711864407e-05	0.0	0.0	0.0	4.8859139101969026e-05	0.0	0.0	8.623068432671082e-05	0.0	0.0	0.0	0.0	0.0	0.0	0.0	0.0
k__Fungi;p__Basidiomycota;c__Agaricomycetes;o__Cantharellales;f__Hydnaceae	0.037409534602209804	0.00016714954312458213	0.0	0.00019815495717651204	0.0	0.00010822042335829618	0.0	7.332856697647986e-05	1.2468516994588663e-05	0.0	0.0	0.0	0.0	0.025665399239543727	0.0	0.0	0.0	0.0
k__Fungi;p__Basidiomycota;c__Agaricomycetes;o__Cantharellales;f__Tulasnellaceae	0.0	0.0	0.0004634533898305085	0.0	0.0	0.0	0.0	0.0	0.0	0.0	0.0	0.0	0.0	0.0	0.0	0.0	0.0	0.0
k__Fungi;p__Basidiomycota;c__Agaricomycetes;o__Corticiales;f__Corticiaceae	2.575527339222706e-05	1.8572171458286904e-05	0.0	0.0	0.0	0.0	0.0	0.0	0.0	0.0028973509933774835	0.0	0.0	0.0	0.0	0.0	0.0	0.0	0.0
k__Fungi;p__Basidiomycota;c__Agaricomycetes;o__Gloeophyllales;f__Gloeophyllaceae	0.0	0.0	0.0	2.2017217464056893e-05	0.0	0.0	0.0	0.0	0.0	0.0	0.0	0.0	0.0	0.0	0.0	0.0	0.0	0.0
k__Fungi;p__Basidiomycota;c__Agaricomycetes;o__Hymenochaetales;f__Hymenochaetaceae	2.575527339222706e-05	0.00037144342916573805	0.0003972457627118644	2.2017217464056893e-05	2.7823764277069045e-05	2.1644084671659236e-05	0.0	0.0	0.0	3.449227373068433e-05	0.0	0.0	0.0	0.0	0.0	0.0	0.0	0.0
k__Fungi;p__Basidiomycota;c__Agaricomycetes;o__Hymenochaetales;f__Hymenochaetales_fam_Incertae_sedis	1.287763669611353e-05	0.0	0.0	0.0	0.0	0.0	0.0	0.0	0.00012468516994588663	1.7246136865342163e-05	0.0	0.0	0.0	0.0	0.0	0.0	0.0	0.0
k__Fungi;p__Basidiomycota;c__Agaricomycetes;o__Hymenochaetales;f__Schizoporaceae	0.0	1.8572171458286904e-05	0.0	0.0	0.0	0.0	0.0	0.0	0.0	0.0	0.0	0.0	0.0	0.0	0.0	0.0	0.0	0.0
k__Fungi;p__Basidiomycota;c__Agaricomycetes;o__Polyporales;f__Fomitopsidaceae	1.287763669611353e-05	0.0	0.0	0.0	0.0	0.0	0.0	7.332856697647986e-05	0.0	0.00017246136865342165	0.0	0.0	0.0	0.0	0.0	0.0	0.0	0.0
k__Fungi;p__Basidiomycota;c__Agaricomycetes;o__Polyporales;f__Ganodermataceae	1.287763669611353e-05	0.0	0.0	0.0	1.3911882138534523e-05	0.0	0.0	0.0	0.0	0.0	0.0	0.0	0.0	0.0009505703422053232	0.0	0.0	0.0	0.0
k__Fungi;p__Basidiomycota;c__Agaricomycetes;o__Polyporales;f__Grifolaceae	0.0	0.0	0.0	0.0	0.0	0.0	0.0	0.0	0.0	0.0	0.0	0.0	0.0	0.0	0.02631578947368421	0.0	0.0	0.0
k__Fungi;p__Basidiomycota;c__Agaricomycetes;o__Polyporales;f__Hyphodermataceae	0.0	0.0	0.0	0.0	0.0	0.0	0.0	0.0	0.0	5.173841059602649e-05	0.0	0.0	0.0	0.0	0.0	0.0	0.0	0.0
k__Fungi;p__Basidiomycota;c__Agaricomycetes;o__Polyporales;f__Meruliaceae	0.0	0.0	0.0	0.0	8.347129283120713e-05	2.1644084671659236e-05	0.0	0.0	1.2468516994588663e-05	3.449227373068433e-05	0.0	0.0	0.0	0.0	0.0	0.0	0.0	0.0
k__Fungi;p__Basidiomycota;c__Agaricomycetes;o__Polyporales;f__Polyporaceae	0.0	0.0	0.0	0.0	0.0	2.1644084671659236e-05	0.0	0.0	0.0	0.0	0.0	0.0	0.0	0.0	0.0	0.0	0.0	0.0
k__Fungi;p__Basidiomycota;c__Agaricomycetes;o__Polyporales;f__Polyporales_fam_Incertae_sedis	0.0	0.0	0.0	0.0	0.0	0.0	0.0	0.0	0.0	1.7246136865342163e-05	0.0	0.0	0.0	0.0	0.0	0.0	0.0	0.0
k__Fungi;p__Basidiomycota;c__Agaricomycetes;o__Polyporales;f__Xenasmataceae	0.0	1.8572171458286904e-05	0.0	0.0	0.0	0.0	0.0	0.0	0.0	0.0	0.0	0.0	0.0	0.0	0.0	0.0	0.0	0.0
k__Fungi;p__Basidiomycota;c__Agaricomycetes;o__Russulales;f__Auriscalpiaceae	0.0	0.0	0.0	0.0	0.0	2.1644084671659236e-05	4.8859139101969026e-05	0.0	0.0	0.0	0.0	0.0	0.0	0.0	0.0	0.0	0.0	0.0
k__Fungi;p__Basidiomycota;c__Agaricomycetes;o__Russulales;f__Bondarzewiaceae	0.0	0.0	0.0	0.0	0.0	0.0	0.0	0.0	0.0	1.7246136865342163e-05	0.0	0.0	0.0	0.0	0.0	0.0	0.0	0.0
k__Fungi;p__Basidiomycota;c__Agaricomycetes;o__Russulales;f__Lachnocladiaceae	0.0	0.00011143302874972141	6.620762711864407e-05	0.0	0.0	0.0	0.0	0.004418046160332913	0.0	0.0019315673289183224	0.0	0.037356321839080456	0.0	0.0	0.0	0.0	0.0	0.0
k__Fungi;p__Basidiomycota;c__Agaricomycetes;o__Russulales;f__Peniophoraceae	0.0	0.0	0.0	0.0	2.7823764277069045e-05	0.0	0.0	0.0	2.4937033989177326e-05	0.0	0.0	0.0	0.0	0.0	0.0	0.0	0.0	0.0
k__Fungi;p__Basidiomycota;c__Agaricomycetes;o__Russulales;f__Russulaceae	0.2813119736265991	0.00013000520020800833	0.0012579449152542376	0.0006384993064576499	2.7823764277069045e-05	4.328816934331847e-05	0.008794645038354415	0.00018332141744119965	3.740555098376599e-05	8.623068432671082e-05	0.0	0.0028735632183908046	0.0	0.06749049429657794	0.0	0.0	0.0	0.0
k__Fungi;p__Basidiomycota;c__Agaricomycetes;o__Russulales;f__Russulales_fam_Incertae_sedis	0.0	0.0	0.0	0.0	0.0	0.0	0.0	0.0	0.0	6.898454746136865e-05	0.0	0.0	0.0	0.0	0.0	0.0	0.0	0.0
k__Fungi;p__Basidiomycota;c__Agaricomycetes;o__Russulales;f__Stereaceae	0.0	0.0	0.0	0.0	0.0	0.0	0.0	0.0	0.0	0.0	0.0	0.0	0.0005920663114268798	0.0	0.0	0.0	0.0	0.0
k__Fungi;p__Basidiomycota;c__Agaricomycetes;o__Russulales;f__Wrightoporiaceae	0.0	0.0	0.0	4.4034434928113786e-05	0.0	0.0	0.0	0.0	0.0	1.7246136865342163e-05	0.0	0.0	0.0	0.0	0.0	0.0	0.0	0.0
k__Fungi;p__Basidiomycota;c__Agaricomycetes;o__Sebacinales;f__Sebacinaceae	2.575527339222706e-05	0.014839164995171225	6.620762711864407e-05	0.09667760188467397	5.564752855413809e-05	0.0	4.8859139101969026e-05	3.666428348823993e-05	0.0	6.898454746136865e-05	0.0	0.0	0.0	0.0	0.0	0.0	0.0	0.0
k__Fungi;p__Basidiomycota;c__Agaricomycetes;o__Sebacinales;f__Serendipitaceae	1.287763669611353e-05	3.714434291657381e-05	0.0	2.2017217464056893e-05	0.0	0.0	0.0	0.0	0.0	0.0003966611479028697	0.0	0.0	0.0	0.0	0.0	0.0	0.0	0.0
k__Fungi;p__Basidiomycota;c__Agaricomycetes;o__Sebacinales;f__unidentified	0.0	0.0	6.620762711864407e-05	0.0	0.0	2.1644084671659236e-05	0.0	0.0	0.0	0.0	0.0	0.0	0.0	0.0	0.0	0.0	0.0	0.0
k__Fungi;p__Basidiomycota;c__Agaricomycetes;o__Thelephorales;f__Thelephoraceae	0.008576506039611624	0.036847188173241195	6.620762711864407e-05	0.09429974239855576	2.7823764277069045e-05	0.00010822042335829618	0.0	0.03261288016278942	2.4937033989177326e-05	0.2007967715231791	0.0	0.014367816091954023	0.0	0.006653992395437262	0.0	0.0	0.0	0.0
k__Fungi;p__Basidiomycota;c__Agaricomycetes;o__Trechisporales;f__Hydnodontaceae	3.8632910088340584e-05	0.002915830918951044	0.0	0.004073185230850525	0.0	2.1644084671659236e-05	0.0	0.02295184146363819	1.2468516994588663e-05	0.006277593818984547	0.0	0.008620689655172414	0.0	0.0	0.0	0.0	0.0	0.0
k__Fungi;p__Basidiomycota;c__Agaricomycetes;o__Trechisporales;f__Trechisporales_fam_Incertae_sedis	0.00222783114842764	0.0004457321149988857	0.0	0.0	1.3911882138534523e-05	0.0	0.0	0.0	0.0	1.7246136865342163e-05	0.0	0.0	0.0	0.03136882129277566	0.0	0.0	0.0	0.0
k__Fungi;p__Basidiomycota;c__Agaricomycetes;o__Trechisporales;f__unidentified	1.287763669611353e-05	0.0	0.0	0.0	0.0	0.0	0.0	0.00018332141744119965	0.0	0.0008623068432671082	0.0	0.0	0.0	0.0	0.0	0.0	0.0	0.0
k__Fungi;p__Basidiomycota;c__Agaricomycetes;o__Tremellodendropsidales;f__unidentified	0.0	0.0	0.0	0.0	0.0	0.0	0.0	0.0	0.0	1.7246136865342163e-05	0.0	0.0	0.0	0.0	0.0	0.0	0.0	0.0
k__Fungi;p__Basidiomycota;c__Agaricomycetes;o__unidentified;f__unidentified	0.0	0.013316246935591709	0.0003310381355932203	0.004689667319844119	2.7823764277069045e-05	6.49322540149777e-05	9.771827820393805e-05	0.0003666428348823993	1.2468516994588663e-05	0.1270867825607062	0.0	0.0	0.0	0.0	0.0	0.0	0.0	0.0
k__Fungi;p__Basidiomycota;c__Agaricostilbomycetes;o__Agaricostilbales;f__Chionosphaeraceae	0.0	0.00013000520020800833	0.0	0.0	0.0	0.0	0.0	0.0	0.0	3.449227373068433e-05	0.0	0.0	0.0	0.0	0.0	0.0	0.0	0.0
k__Fungi;p__Basidiomycota;c__Agaricostilbomycetes;o__Agaricostilbales;f__unidentified	0.0	0.0	0.0	0.0	0.0	0.0	0.0	0.0	0.0	1.7246136865342163e-05	0.0	0.0	0.0	0.0	0.0	0.0	0.0	0.0
k__Fungi;p__Basidiomycota;c__Atractiellomycetes;o__unidentified;f__unidentified	1.287763669611353e-05	0.0	0.0	0.0	0.0	0.0	0.0	0.0	0.0	0.0	0.0	0.0	0.0	0.0	0.0	0.0	0.0	0.0
k__Fungi;p__Basidiomycota;c__Cystobasidiomycetes;o__Cystobasidiales;f__Cystobasidiaceae	0.0	0.0	0.0	0.0	0.0	0.0	0.0	0.0	0.0	5.173841059602649e-05	0.0	0.0	0.0	0.0	0.0	0.0	0.0	0.0
k__Fungi;p__Basidiomycota;c__Cystobasidiomycetes;o__Cystobasidiomycetes_ord_Incertae_sedis;f__Microsporomycetaceae	0.0	0.0	0.0	0.0	0.0	0.0	0.0	0.0	0.0	0.00010347682119205298	0.0	0.0	0.0	0.0	0.0	0.0	0.0	0.0
k__Fungi;p__Basidiomycota;c__Cystobasidiomycetes;o__Cystobasidiomycetes_ord_Incertae_sedis;f__Symmetrosporaceae	0.0	3.714434291657381e-05	0.0	0.0	0.0	0.0	0.0	0.0	0.0	0.0	0.0	0.0	0.0	0.0	0.0	0.0	0.0	0.0
k__Fungi;p__Basidiomycota;c__Cystobasidiomycetes;o__Erythrobasidiales;f__Erythrobasidiaceae	0.0	0.0	0.0	0.0	0.0	0.0	0.0	0.0	0.0	3.449227373068433e-05	0.0	0.0	0.0	0.0	0.0	0.0	0.0	0.0
k__Fungi;p__Basidiomycota;c__Cystobasidiomycetes;o__Erythrobasidiales;f__Erythrobasidiales_fam_Incertae_sedis	0.0	0.0	0.0	0.0	0.0	0.0	0.0	0.0	0.0	1.7246136865342163e-05	0.0	0.0	0.0	0.0	0.0	0.0	0.0	0.0
k__Fungi;p__Basidiomycota;c__Dacrymycetes;o__Dacrymycetales;f__Dacrymycetaceae	1.287763669611353e-05	0.0	0.0	0.0	0.0	0.0	0.0	3.666428348823993e-05	0.0	0.002173013245033112	0.0	0.0	0.0	0.0	0.0	0.0	0.0	0.0
k__Fungi;p__Basidiomycota;c__Dacrymycetes;o__unidentified;f__unidentified	0.0	0.0	0.0	0.0	0.0	0.0	0.0	0.0	0.0	0.000103476821192053	0.0	0.0	0.0	0.0	0.0	0.0	0.0	0.0
k__Fungi;p__Basidiomycota;c__Exobasidiomycetes;o__Exobasidiales;f__Exobasidiaceae	0.0	0.0	0.0	2.2017217464056893e-05	0.0	0.0	0.0	0.0	0.0	0.0	0.0	0.0	0.0	0.0	0.0	0.0	0.0	0.0
k__Fungi;p__Basidiomycota;c__Geminibasidiomycetes;o__Geminibasidiales;f__Geminibasidiaceae	0.0	1.8572171458286904e-05	0.0	2.2017217464056893e-05	0.0	0.0	0.0	7.332856697647986e-05	0.0	0.0	0.0005738880918220947	0.0	0.0	0.0	0.0	0.0	0.0	0.0
k__Fungi;p__Basidiomycota;c__Malasseziomycetes;o__Malasseziales;f__Malasseziaceae	0.0	0.0	0.0	2.2017217464056893e-05	1.3911882138534523e-05	0.0	0.0	0.0	0.0	0.0	0.0	0.0	0.0	0.0	0.0	0.0	0.0	0.0
k__Fungi;p__Basidiomycota;c__Malasseziomycetes;o__Malasseziales;f__unidentified	0.0	0.0	0.0	0.0	2.7823764277069045e-05	0.0	0.0	0.0	0.0	0.0	0.0	0.0	0.0	0.0	0.0	0.0	0.0	0.0
k__Fungi;p__Basidiomycota;c__Microbotryomycetes;o__Leucosporidiales;f__unidentified	2.575527339222706e-05	1.8572171458286904e-05	0.0	8.806886985622757e-05	0.0	0.0	0.0	0.0	0.0	0.0	0.0	0.0	0.0	0.0	0.0	0.0	0.0	0.0
k__Fungi;p__Basidiomycota;c__Microbotryomycetes;o__Microbotryomycetes_ord_Incertae_sedis;f__Chrysozymaceae	0.0	0.0	0.0	0.0	0.0	0.0	0.0	3.666428348823993e-05	0.0	0.0001379690949227373	0.0	0.0	0.0	0.0	0.0	0.0	0.0	0.0
k__Fungi;p__Basidiomycota;c__Microbotryomycetes;o__Microbotryomycetes_ord_Incertae_sedis;f__Microbotryomycetes_fam_Incertae_sedis	0.0	5.571651437486071e-05	0.0	4.4034434928113786e-05	0.0	0.0	0.0	3.666428348823993e-05	0.0	1.7246136865342163e-05	0.0	0.0	0.0	0.0	0.0	0.0	0.0	0.0
k__Fungi;p__Basidiomycota;c__Microbotryomycetes;o__Sporidiobolales;f__Sporidiobolaceae	0.000682514744894017	0.0	0.0	2.2017217464056893e-05	0.0	0.0	0.0	5.49964252323599e-05	0.0	0.0002759381898454746	0.0	0.0	0.0	0.0	0.0	0.0	0.0	0.0
k__Fungi;p__Basidiomycota;c__Microbotryomycetes;o__Sporidiobolales;f__unidentified	0.0	0.000761459029789763	0.0	0.0014311191351636982	0.0	0.0	0.0	0.0002199857009294396	0.0	1.7246136865342163e-05	0.0	0.0	0.0	0.0	0.0	0.0	0.0	0.0
k__Fungi;p__Basidiomycota;c__Microbotryomycetes;o__unidentified;f__unidentified	1.287763669611353e-05	0.0003528712577074511	0.0	0.0006825337413857637	0.0	0.0	0.0	0.0002566499844176795	0.0	5.173841059602649e-05	0.0	0.0028735632183908046	0.0	0.0009505703422053232	0.0	0.0	0.0	0.0
k__Fungi;p__Basidiomycota;c__Pucciniomycetes;o__Platygloeales;f__Eocronartiaceae	0.0	0.0	0.0	0.0	0.0	0.0002597290160599108	0.0	0.0	0.0	0.0	0.0	0.0	0.0	0.0	0.0	0.0	0.0	0.0
k__Fungi;p__Basidiomycota;c__Pucciniomycetes;o__Platygloeales;f__Platygloeaceae	0.0	3.714434291657381e-05	0.0	0.0	1.3911882138534523e-05	0.0	0.0	0.0	1.2468516994588663e-05	0.0	0.0	0.0	0.0	0.0	0.0	0.0	0.0	0.0
k__Fungi;p__Basidiomycota;c__Pucciniomycetes;o__Platygloeales;f__unidentified	0.0	0.0	0.0	0.0	0.0	0.0	0.0	0.0	0.0	8.623068432671082e-05	0.0	0.0	0.0	0.0	0.0	0.0	0.0	0.0
k__Fungi;p__Basidiomycota;c__Pucciniomycetes;o__Pucciniales;f__Cronartiaceae	0.0	0.0	0.0	0.0	0.0	0.0	0.0	0.0	1.2468516994588663e-05	0.0	0.0	0.0	0.0	0.0	0.0	0.0	0.0	0.0
k__Fungi;p__Basidiomycota;c__Pucciniomycetes;o__Pucciniales;f__Pucciniaceae	0.0	0.0	0.0	0.0	0.0	2.1644084671659236e-05	0.0	0.0	0.0	0.0	0.0	0.0	0.0	0.0	0.0	0.0	0.0	0.0
k__Fungi;p__Basidiomycota;c__Pucciniomycetes;o__Pucciniales;f__unidentified	0.0	0.0	0.0	0.0	0.0	0.0	0.0	0.0	0.0006608314007131991	0.0	0.0	0.0	0.0	0.0	0.0	0.0	0.0	0.0
k__Fungi;p__Basidiomycota;c__Pucciniomycetes;o__Septobasidiales;f__Septobasidiaceae	0.0	0.0	0.0	0.0	0.0	0.0	0.0	1.8332141744119964e-05	0.0	0.00024144591611479027	0.0	0.0	0.0	0.0	0.0	0.0	0.0	0.0
k__Fungi;p__Basidiomycota;c__Spiculogloeomycetes;o__Spiculogloeales;f__Spiculogloeaceae	0.0	0.0	0.0	0.0	0.0	0.0	0.0	1.8332141744119964e-05	0.0	0.0	0.0	0.0	0.0	0.0	0.0	0.0	0.0	0.0
k__Fungi;p__Basidiomycota;c__Tremellomycetes;o__Cystofilobasidiales;f__Cystofilobasidiaceae	0.0	3.714434291657381e-05	0.0	2.2017217464056893e-05	0.0	0.0	4.8859139101969026e-05	0.00012832499220883975	0.0	1.7246136865342163e-05	0.0	0.0	0.0	0.0	0.0	0.0	0.0	0.0
k__Fungi;p__Basidiomycota;c__Tremellomycetes;o__Cystofilobasidiales;f__Mrakiaceae	0.0	0.0	0.0	0.0	0.0	0.0	0.0	0.0	0.0	3.449227373068433e-05	0.0	0.0	0.0	0.0	0.0	0.0	0.0	0.0
k__Fungi;p__Basidiomycota;c__Tremellomycetes;o__Cystofilobasidiales;f__unidentified	0.0	0.0	0.0	0.0	0.0	0.0	0.0	0.0	0.0	3.449227373068433e-05	0.0	0.0	0.0	0.0	0.0	0.0	0.0	0.0
k__Fungi;p__Basidiomycota;c__Tremellomycetes;o__Filobasidiales;f__Filobasidiaceae	0.0	0.0	6.620762711864407e-05	2.2017217464056893e-05	4.1735646415603566e-05	0.0	0.0	0.0	0.0	5.173841059602649e-05	0.0	0.0	0.0	0.0	0.0	0.0	0.0	0.0
k__Fungi;p__Basidiomycota;c__Tremellomycetes;o__Filobasidiales;f__Piskurozymaceae	0.0	0.0	0.0	0.0	0.0	0.0	0.0	1.8332141744119964e-05	0.0	3.449227373068433e-05	0.0	0.0	0.0	0.0	0.0	0.0	0.0	0.0
k__Fungi;p__Basidiomycota;c__Tremellomycetes;o__Holtermanniales;f__Holtermanniales_fam_Incertae_sedis	0.0	0.0	0.0	0.0	0.0	2.1644084671659236e-05	0.0	0.00020165355918531962	0.0	6.898454746136865e-05	0.0	0.0	0.0	0.0	0.0	0.0	0.0	0.0
k__Fungi;p__Basidiomycota;c__Tremellomycetes;o__Tremellales;f__Bulleraceae	0.0	0.0	0.0	2.2017217464056893e-05	0.0	0.0	0.0	1.8332141744119964e-05	0.0	6.898454746136865e-05	0.0	0.0	0.0	0.0	0.0	0.0	0.0	0.0
k__Fungi;p__Basidiomycota;c__Tremellomycetes;o__Tremellales;f__Bulleribasidiaceae	0.0	0.0	0.00026483050847457627	0.0	1.3911882138534523e-05	0.0005194580321198217	0.0	9.166070872059983e-05	0.00012468516994588663	3.449227373068433e-05	0.0	0.0	0.0	0.0	0.0	0.0	0.0	0.0
k__Fungi;p__Basidiomycota;c__Tremellomycetes;o__Tremellales;f__Cryptococcaceae	0.0	0.0	0.0	0.0	0.0	0.0	0.0	1.8332141744119964e-05	0.0	0.0	0.0	0.0	0.0	0.0	0.0	0.0	0.0	0.0
k__Fungi;p__Basidiomycota;c__Tremellomycetes;o__Tremellales;f__Cuniculitremaceae	5.151054678445411e-05	0.0	0.0	0.00011008608732028447	0.0	4.328816934331847e-05	0.0	1.8332141744119964e-05	0.0	0.00018970750551876382	0.0	0.0	0.0	0.0	0.0	0.0	0.0	0.0
k__Fungi;p__Basidiomycota;c__Tremellomycetes;o__Tremellales;f__Phaeotremellaceae	1.287763669611353e-05	0.0	0.0	0.0	0.0	0.0	0.0	0.0	0.0	0.00022419977924944816	0.0	0.0	0.0	0.0	0.0	0.0	0.0	0.0
k__Fungi;p__Basidiomycota;c__Tremellomycetes;o__Tremellales;f__Rhynchogastremataceae	0.0	0.0	0.0	0.0	0.0	2.1644084671659236e-05	0.0	0.0	0.0	3.449227373068433e-05	0.0	0.0	0.0	0.0	0.0	0.0	0.0	0.0
k__Fungi;p__Basidiomycota;c__Tremellomycetes;o__Tremellales;f__Syzygosporaceae	1.287763669611353e-05	0.0	0.0	2.2017217464056893e-05	0.0	0.0	0.0	0.0	0.0	1.7246136865342163e-05	0.0	0.0	0.0	0.0	0.0	0.0	0.0	0.0
k__Fungi;p__Basidiomycota;c__Tremellomycetes;o__Tremellales;f__Tremellaceae	0.010533906817421047	0.0007986033727063369	6.620762711864407e-05	0.0013650674827715267	0.00015303070352387974	2.1644084671659236e-05	4.8859139101969026e-05	0.007332856697647991	0.0	0.003690673289183223	0.0	0.0028735632183908046	0.0	0.0	0.0	0.0	0.0	0.0
k__Fungi;p__Basidiomycota;c__Tremellomycetes;o__Tremellales;f__Tremellales_fam_Incertae_sedis	0.0	0.0	0.0	2.2017217464056893e-05	0.0	0.0	0.0	0.0	0.0	6.898454746136865e-05	0.0	0.0	0.0	0.0	0.0	0.0	0.0	0.0
k__Fungi;p__Basidiomycota;c__Tremellomycetes;o__Tremellales;f__Trimorphomycetaceae	0.0054472403224560435	0.0032501300052002083	0.00019862288135593222	0.0020035667892291773	1.3911882138534523e-05	0.00017315267737327388	0.0	0.008157803076133384	0.0004987406797835465	0.02478269867549668	0.0	0.011494252873563218	0.0	0.0019011406844106464	0.0	0.0	0.0	0.0
k__Fungi;p__Basidiomycota;c__Tremellomycetes;o__Tremellales;f__unidentified	0.0	5.571651437486071e-05	0.0	8.806886985622757e-05	2.7823764277069045e-05	8.657633868663694e-05	0.0	1.8332141744119964e-05	0.0	0.0002414459161147903	0.0	0.0	0.0	0.0	0.0	0.0	0.0	0.0
k__Fungi;p__Basidiomycota;c__Tremellomycetes;o__Trichosporonales;f__Tetragoniomycetaceae	0.0	0.0	0.0	0.0	0.0	0.0	0.0	0.0	0.0	8.623068432671082e-05	0.0	0.0	0.0	0.0	0.0	0.0	0.0	0.0
k__Fungi;p__Basidiomycota;c__Tremellomycetes;o__Trichosporonales;f__Trichosporonaceae	2.575527339222706e-05	0.00029715474333259046	0.0	0.0003742926968889672	0.0	0.0	0.0	0.0017232213239472768	0.0	3.449227373068433e-05	0.0	0.0	0.0	0.0	0.0	0.0	0.0	0.0
k__Fungi;p__Basidiomycota;c__Tremellomycetes;o__unidentified;f__unidentified	0.00020604218713781648	0.0	0.0	0.0	0.0	4.328816934331847e-05	0.0	0.00014665713395295972	0.00014962220393506396	0.002535182119205298	0.0	0.0	0.0005920663114268798	0.0	0.0	0.0	0.0	0.0
k__Fungi;p__Basidiomycota;c__unidentified;o__unidentified;f__unidentified	2.575527339222706e-05	0.0	0.0	0.0	0.0	6.49322540149777e-05	0.0	0.0	0.0	0.000948537527593819	0.0	0.0	0.0	0.0009505703422053232	0.0	0.0	0.0	0.0
k__Fungi;p__Chytridiomycota;c__Chytridiomycetes;o__Chytridiales;f__Chytriomycetaceae	0.0	0.0	0.0	0.0	1.3911882138534523e-05	0.0	0.0	0.0	2.4937033989177326e-05	0.0	0.0	0.0	0.0	0.0	0.0	0.0	0.0	0.0
k__Fungi;p__Chytridiomycota;c__Rhizophlyctidomycetes;o__Rhizophlyctidales;f__Arizonaphlyctidaceae	0.0	0.0	0.0	0.0	0.0	0.0	0.0	0.0	7.481110196753198e-05	0.0	0.0	0.0	0.0	0.0	0.0	0.0	0.0	0.0
k__Fungi;p__Chytridiomycota;c__Rhizophlyctidomycetes;o__Rhizophlyctidales;f__Rhizophlyctidaceae	0.0	0.0	0.0	0.0	0.0	0.0	0.0	0.0	0.0	0.0	0.0	0.0	0.0017761989342806395	0.0	0.0	0.0	0.0	0.0
k__Fungi;p__Chytridiomycota;c__Rhizophydiomycetes;o__Rhizophydiales;f__Halomycetaceae	0.0	0.0	0.0	0.0	0.0	4.328816934331847e-05	0.0	0.0	0.0	0.0	0.0	0.0	0.0	0.0	0.0	0.0	0.0	0.0
k__Fungi;p__Chytridiomycota;c__Rhizophydiomycetes;o__Rhizophydiales;f__Kappamycetaceae	0.0	0.0	0.0	0.0	4.1735646415603566e-05	0.0	0.0	0.0	0.0	0.0	0.0	0.0	0.0	0.0	0.0	0.0	0.0	0.0
k__Fungi;p__Chytridiomycota;c__Rhizophydiomycetes;o__Rhizophydiales;f__Rhizophydiaceae	0.0	0.0	0.0	0.0	1.3911882138534523e-05	0.0	0.0	0.0	4.987406797835465e-05	0.0	0.0	0.0	0.003552397868561279	0.0	0.0	0.0	0.0	0.0
k__Fungi;p__Chytridiomycota;c__Rhizophydiomycetes;o__Rhizophydiales;f__Rhizophydiales_fam_Incertae_sedis	0.0	0.0	0.0	0.0	1.3911882138534523e-05	0.0005843902861347994	0.0	0.0	0.0017580608962370016	0.0	0.0	0.0	0.003552397868561279	0.0	0.0	0.0	0.0	0.0
k__Fungi;p__Chytridiomycota;c__Rhizophydiomycetes;o__Rhizophydiales;f__Terramycetaceae	0.0	0.0	6.620762711864407e-05	0.0	1.3911882138534523e-05	0.0	0.0	0.0	0.0	0.0	0.0	0.0	0.0	0.0	0.0	0.0	0.0	0.0
k__Fungi;p__Chytridiomycota;c__Rhizophydiomycetes;o__Rhizophydiales;f__unidentified	0.0	0.0	0.0	0.0	0.001043391160390089	0.0	0.0006351688083255973	0.0	0.0003117129248647166	0.0	0.00028694404591104734	0.0	0.0	0.0	0.0	0.0	0.0	0.0
k__Fungi;p__Chytridiomycota;c__Spizellomycetes;o__Spizellomycetales;f__Spizellomycetaceae	0.0	0.0	0.0	0.0	0.0	0.0	0.0	0.0	1.2468516994588663e-05	0.0	0.0	0.0	0.0	0.0	0.0	0.0	0.0	0.0
k__Fungi;p__Chytridiomycota;c__unidentified;o__unidentified;f__unidentified	1.287763669611353e-05	0.0	0.0003972457627118644	2.2017217464056893e-05	0.017153350676813065	4.328816934331847e-05	9.771827820393805e-05	7.332856697647986e-05	0.0012842572504426324	3.449227373068433e-05	0.00014347202295552367	0.0	0.027235050325636473	0.0009505703422053232	0.0	0.03278688524590164	0.0	0.0
k__Fungi;p__Entomophthoromycota;c__Basidiobolomycetes;o__Basidiobolales;f__Basidiobolaceae	0.0	0.0	0.0	0.00019815495717651204	0.0	2.1644084671659236e-05	0.0	0.0	8.727961896212064e-05	0.0	0.0	0.0	0.0	0.0	0.0	0.0	0.0	0.0
k__Fungi;p__GS19;c__unidentified;o__unidentified;f__unidentified	0.0	0.0	0.0	0.0	0.0	0.00010822042335829618	0.0	0.0	0.0	0.0	0.0	0.0	0.0	0.0	0.0	0.0	0.0	0.0
k__Fungi;p__Glomeromycota;c__Archaeosporomycetes;o__Archaeosporales;f__Ambisporaceae	0.0	0.0	6.620762711864407e-05	0.0	1.3911882138534523e-05	0.0	0.0	0.0	0.0	0.0	0.0	0.0	0.0	0.0	0.0	0.0	0.0	0.0
k__Fungi;p__Glomeromycota;c__Archaeosporomycetes;o__Archaeosporales;f__Archaeosporaceae	1.287763669611353e-05	0.0	0.0	0.0	0.0	0.00010822042335829618	0.0	0.0	0.0	0.0	0.0	0.0	0.0	0.0	0.0	0.0	0.0	0.0
k__Fungi;p__Glomeromycota;c__Archaeosporomycetes;o__Archaeosporales;f__unidentified	0.0	0.0	0.0	0.0	0.0	2.1644084671659236e-05	0.0	0.0	0.0	0.0	0.0	0.0	0.0	0.0	0.0	0.0	0.0	0.0
k__Fungi;p__Glomeromycota;c__Glomeromycetes;o__Diversisporales;f__Acaulosporaceae	1.287763669611353e-05	1.8572171458286904e-05	0.0003972457627118644	0.0	0.0002365019963550869	2.1644084671659236e-05	9.771827820393805e-05	5.49964252323599e-05	7.481110196753198e-05	0.0	0.0	0.0	0.0	0.0	0.0	0.0	0.0	0.0
k__Fungi;p__Glomeromycota;c__Glomeromycetes;o__Gigasporales;f__Gigasporaceae	0.0	1.8572171458286904e-05	0.0	2.2017217464056893e-05	0.0	2.1644084671659236e-05	4.8859139101969026e-05	0.0	0.0004738036457943692	0.0	0.00014347202295552367	0.0	0.0	0.0	0.0	0.0	0.0	0.0
k__Fungi;p__Glomeromycota;c__Glomeromycetes;o__Glomerales;f__Claroideoglomeraceae	0.0	0.0	0.00019862288135593222	0.0	1.3911882138534523e-05	2.1644084671659236e-05	4.8859139101969026e-05	0.0	0.0	0.0	0.0	0.0	0.0	0.0	0.0	0.0	0.0	0.0
k__Fungi;p__Glomeromycota;c__Glomeromycetes;o__Glomerales;f__Glomeraceae	0.00012877636696113532	0.0015043458881212391	0.0022510593220338984	0.00019815495717651204	0.00020867823207801784	0.0008008311328513918	0.0003420139737137832	0.0	0.0	0.0	0.0	0.0	0.0	0.006653992395437263	0.0	0.0	0.0	0.0
k__Fungi;p__Glomeromycota;c__Glomeromycetes;o__Glomerales;f__unidentified	0.0	0.0	0.00013241525423728814	0.0	0.0	0.0	0.0	0.0	0.0	0.0	0.0	0.0	0.0	0.0	0.0	0.0	0.0	0.0
k__Fungi;p__Glomeromycota;c__Glomeromycetes;o__unidentified;f__unidentified	0.0	0.0	0.0	0.0	0.0	0.0	4.8859139101969026e-05	0.0	0.0	1.7246136865342163e-05	0.0	0.0	0.0	0.0	0.0	0.0	0.0	0.0
k__Fungi;p__Glomeromycota;c__unidentified;o__unidentified;f__unidentified	0.0	1.8572171458286904e-05	6.620762711864407e-05	0.0	1.3911882138534523e-05	2.1644084671659236e-05	0.0	0.0	0.0	0.0	0.0	0.0	0.0	0.0	0.0	0.0	0.0	0.0
k__Fungi;p__Kickxellomycota;c__Kickxellomycetes;o__Kickxellales;f__Kickxellaceae	0.0	3.714434291657381e-05	6.620762711864407e-05	8.806886985622757e-05	0.0	0.0	0.0	0.0	0.0	0.0	0.0	0.0	0.0	0.0	0.0	0.0	0.0	0.0
k__Fungi;p__Monoblepharomycota;c__Monoblepharidomycetes;o__Monoblepharidales;f__Gonapodyaceae	0.0	0.0	0.0	0.0	0.0	0.0	0.0	0.0	9.97481359567093e-05	0.0	0.0	0.0	0.0	0.0	0.0	0.0	0.0	0.0
k__Fungi;p__Mortierellomycota;c__Mortierellomycetes;o__Mortierellales;f__Mortierellaceae	0.0005151054678445413	0.01179332887601218	0.0020524364406779667	0.00396309914353024	0.0001808544678009488	0.0034630535474654786	0.0012703376166511944	0.0004583035436029991	1.2468516994588663e-05	5.173841059602649e-05	0.0	0.005747126436781609	0.0076968620485494375	0.0076045627376425855	0.0	0.0	0.0	0.0
k__Fungi;p__Mortierellomycota;c__Mortierellomycetes;o__Mortierellales;f__unidentified	0.0	1.8572171458286904e-05	0.0	0.0	0.0	0.0	0.0	0.0	0.0	0.0	0.0	0.0	0.0	0.0	0.0	0.0	0.0	0.0
k__Fungi;p__Mucoromycota;c__Endogonomycetes;o__Endogonales;f__Endogonales_fam_Incertae_sedis	1.287763669611353e-05	0.0	0.0003972457627118644	0.0	2.7823764277069045e-05	0.0	4.8859139101969026e-05	0.0	0.0	0.0	0.0	0.0	0.0	0.0	0.0	0.0	0.0	0.0
k__Fungi;p__Mucoromycota;c__Endogonomycetes;o__Endogonales;f__unidentified	0.0	0.0	0.0	2.2017217464056893e-05	1.3911882138534523e-05	0.0	0.0	0.0	0.0	0.0	0.0	0.0	0.0	0.0	0.0	0.0	0.0	0.0
k__Fungi;p__Mucoromycota;c__Mucoromycetes;o__Mucorales;f__Lichtheimiaceae	0.0	0.0	0.0	0.0	0.0	0.0	0.0	0.0	0.0	3.449227373068433e-05	0.0	0.0	0.0	0.0	0.0	0.0	0.0	0.0
k__Fungi;p__Mucoromycota;c__Mucoromycetes;o__Mucorales;f__Rhizopodaceae	0.0	0.0	0.0	0.0	0.0	2.1644084671659236e-05	0.0	0.0	0.0	0.0	0.0	0.0	0.0	0.0	0.0	0.0	0.0	0.0
k__Fungi;p__Mucoromycota;c__Umbelopsidomycetes;o__Umbelopsidales;f__Umbelopsidaceae	0.0001545316403533624	0.00287868657603447	0.0011255296610169494	0.008586714810982192	5.564752855413809e-05	8.657633868663694e-05	0.00024429569550984514	0.0001099928504647198	0.0	5.173841059602649e-05	0.0	0.005747126436781609	0.0	0.0019011406844106464	0.0	0.0	0.0	0.0
k__Fungi;p__Neocallimastigomycota;c__Neocallimastigomycetes;o__Neocallimastigales;f__Neocallimastigaceae	0.0	0.0	0.0	0.0	1.3911882138534523e-05	0.0	0.0	0.0	0.0	0.0	0.0	0.0	0.0	0.0	0.0	0.0	0.0	0.0
k__Fungi;p__Olpidiomycota;c__GS18;o__unidentified;f__unidentified	0.0	0.0	0.0	0.0	0.0	0.0	0.0	0.0	0.0	1.7246136865342163e-05	0.0	0.0	0.0	0.0	0.0	0.0	0.0	0.0
k__Fungi;p__Rozellomycota;c__Rozellomycotina_cls_Incertae_sedis;o__GS02;f__unidentified	0.0	0.0	6.620762711864407e-05	0.0	0.0	0.0	0.0	0.0	3.740555098376599e-05	0.0	0.0	0.0	0.0	0.0	0.0	0.0	0.0	0.0
k__Fungi;p__Rozellomycota;c__Rozellomycotina_cls_Incertae_sedis;o__GS04;f__unidentified	0.0	0.0	0.0	0.0	0.0	4.328816934331847e-05	0.0	0.0	0.0	0.0	0.0	0.0	0.0	0.0	0.0	0.0	0.0	0.0
k__Fungi;p__Rozellomycota;c__Rozellomycotina_cls_Incertae_sedis;o__GS05;f__unidentified	0.0	0.0004828764579154595	0.0	0.0019595323543010633	0.0	2.1644084671659236e-05	0.0	0.0014299070560413573	0.3588937931722401	0.0005518763796909492	0.0	0.0028735632183908046	0.017169923031379514	0.0	0.0	0.0	0.0	0.0
k__Fungi;p__Rozellomycota;c__Rozellomycotina_cls_Incertae_sedis;o__GS11;f__unidentified	1.287763669611353e-05	0.0	0.0005958686440677966	2.2017217464056893e-05	4.1735646415603566e-05	0.1037184537465911	9.771827820393805e-05	0.1944306953381364	0.0003615869928430712	0.0010347682119205299	0.0	0.05747126436781609	0.0	0.0	0.0	0.0	0.0	0.0
k__Fungi;p__Rozellomycota;c__unidentified;o__unidentified;f__unidentified	0.00043783964766786	0.0021915162320778545	0.0010593220338983053	0.0017393601796604939	0.3095393775823935	0.33831868750270483	0.6087848732105343	0.0016498927569707962	0.31004214358744187	0.008778283664459163	0.008321377331420373	0.0028735632183908046	0.1699230313795145	0.0028517110266159697	0.0	0.01639344262295082	0.0	0.0
k__Fungi;p__unidentified;c__unidentified;o__unidentified;f__unidentified	0.00047647255775620063	0.004550182007280292	0.0015227754237288138	0.004711684537308175	0.18694787217762676	0.06367689710402148	0.004690477353789026	0.006324588901721391	0.01350340390513953	0.007364100441501105	0.007747489239598278	0.008620689655172414	0.05210183540556542	0.0028517110266159697	0.0	0.18032786885245902	0.02	0.0
k__Metazoa;p__Arthropoda;c__Insecta;o__Lepidoptera;f__Crambidae	0.0	0.0	0.0	0.0	0.0	0.0	0.0	0.0	0.0	6.898454746136865e-05	0.0	0.0	0.0	0.0	0.0	0.0	0.0	0.0
k__Metazoa;p__Rotifera;c__unidentified;o__unidentified;f__unidentified	0.0	0.00016714954312458213	0.0	0.0	0.0	0.0	0.0	0.0	0.0	0.0	0.0	0.0	0.0	0.0	0.0	0.0	0.0	0.0
k__Plantae;p__Chlorophyta;c__Trebouxiophyceae;o__Trebouxiales;f__Trebouxiaceae	0.0	0.0	0.0	0.0	0.0	2.1644084671659236e-05	0.0	0.0	0.0	0.0	0.0	0.0	0.0	0.0	0.0	0.0	0.0	0.0
k__Rhizaria;p__Cercozoa;c__unidentified;o__unidentified;f__unidentified	0.0	0.0	6.620762711864407e-05	0.0	0.0	6.49322540149777e-05	0.0	0.0	0.0	0.0	0.0	0.0	0.0	0.0	0.0	0.0	0.0	0.0