# Constructed from biom file
#OTU ID	M1D.ITS.R1	M3R.ITS.R1	M12D.ITS.R1	M3D.ITS.R1	M9D.ITS.R1	M5D.ITS.R1	M10D.ITS.R1	M2D.ITS.R1	M11D.ITS.R1	M4D.ITS.R1	M7D.ITS.R1	M2R.ITS.R1	M11R.ITS.R1	M1R.ITS.R1	M12R.ITS.R1	M9R.ITS.R1	M10R.ITS.R1	M5R.ITS.R1
No blast hit;Other	0.07158678239369222	0.007874600698313592	0.9585540254234783	0.06389396508069685	0.13116122480210085	0.13300290030734402	0.24058240093807998	0.00047663568534711884	0.0008353906386374409	0.0020005518763796916	0.038307030129125	0.1293103448275861	0.01480165778567199	0.31083650190114015	0.7105263157894732	0.04918032786885246	0.16	0.0
k__Fungi;p__Ascomycota	0.5067221263553615	0.8672089740732468	0.02343749999999997	0.6728902001365059	0.3518732349299543	0.3532098177568014	0.13279914007915172	0.5626500944105344	0.3100421435874474	0.37299944812361846	0.10688665710186475	0.6637931034482764	0.7004144464179969	0.4695817490494295	0.23684210526315788	0.7213114754098361	0.8200000000000001	0.6666666666666666
k__Fungi;p__Basidiomycota	0.4199139773868602	0.1012369066191218	0.007481461864406767	0.24168299610295316	0.0013633644495763815	0.0025323579065841292	0.010162700933209555	0.2323415644649765	0.002019899753123364	0.6069950331125892	0.8381635581061692	0.12356321839080459	0.0017761989342806393	0.19676806083650186	0.05263157894736842	0.0	0.0	0.3333333333333333
k__Fungi;p__Chytridiomycota	1.287763669611353e-05	0.0	0.00046345338983050843	2.2017217464056893e-05	0.018294125012172896	0.0006709666248214364	0.0007328870865295354	7.332856697647986e-05	0.0035161217924740027	3.449227373068433e-05	0.000430416068866571	0.0	0.03611604499703967	0.0009505703422053232	0.0	0.03278688524590164	0.0	0.0
k__Fungi;p__Entomophthoromycota	0.0	0.0	0.0	0.00019815495717651204	0.0	2.1644084671659236e-05	0.0	0.0	8.727961896212064e-05	0.0	0.0	0.0	0.0	0.0	0.0	0.0	0.0	0.0
k__Fungi;p__GS19	0.0	0.0	0.0	0.0	0.0	0.00010822042335829618	0.0	0.0	0.0	0.0	0.0	0.0	0.0	0.0	0.0	0.0	0.0	0.0
k__Fungi;p__Glomeromycota	0.0001545316403533624	0.0015600624024961	0.003111758474576269	0.00022017217464056894	0.0004869158748487079	0.0010172719795679842	0.0005863096692236284	5.49964252323599e-05	0.0005486147477619013	1.7246136865342163e-05	0.00014347202295552367	0.0	0.0	0.006653992395437263	0.0	0.0	0.0	0.0
k__Fungi;p__Kickxellomycota	0.0	3.714434291657381e-05	6.620762711864407e-05	8.806886985622757e-05	0.0	0.0	0.0	0.0	0.0	0.0	0.0	0.0	0.0	0.0	0.0	0.0	0.0	0.0
k__Fungi;p__Monoblepharomycota	0.0	0.0	0.0	0.0	0.0	0.0	0.0	0.0	9.97481359567093e-05	0.0	0.0	0.0	0.0	0.0	0.0	0.0	0.0	0.0
k__Fungi;p__Mortierellomycota	0.0005151054678445413	0.011811901047470468	0.0020524364406779667	0.00396309914353024	0.0001808544678009488	0.0034630535474654786	0.0012703376166511944	0.0004583035436029991	1.2468516994588663e-05	5.173841059602649e-05	0.0	0.005747126436781609	0.0076968620485494375	0.0076045627376425855	0.0	0.0	0.0	0.0
k__Fungi;p__Mucoromycota	0.0001674092770494759	0.00287868657603447	0.001522775423728814	0.008608732028446248	9.738317496974166e-05	0.00010822042335829618	0.0002931548346118142	0.0001099928504647198	0.0	8.623068432671082e-05	0.0	0.005747126436781609	0.0	0.0019011406844106464	0.0	0.0	0.0	0.0
k__Fungi;p__Neocallimastigomycota	0.0	0.0	0.0	0.0	1.3911882138534523e-05	0.0	0.0	0.0	0.0	0.0	0.0	0.0	0.0	0.0	0.0	0.0	0.0	0.0
k__Fungi;p__Olpidiomycota	0.0	0.0	0.0	0.0	0.0	0.0	0.0	0.0	0.0	1.7246136865342163e-05	0.0	0.0	0.0	0.0	0.0	0.0	0.0	0.0
k__Fungi;p__Rozellomycota	0.0004507172843639735	0.002674392689993314	0.0017213983050847464	0.0037209097514256137	0.30958111322880916	0.44210207350331016	0.6088825914887382	0.19751049515114857	0.6693349293035082	0.010364928256070641	0.008321377331420373	0.06321839080459771	0.18709295441089402	0.0028517110266159697	0.0	0.01639344262295082	0.0	0.0
k__Fungi;p__unidentified	0.00047647255775620063	0.004550182007280292	0.0015227754237288138	0.004711684537308175	0.18694787217762676	0.06367689710402148	0.004690477353789026	0.006324588901721391	0.01350340390513953	0.007364100441501105	0.007747489239598278	0.008620689655172414	0.05210183540556542	0.0028517110266159697	0.0	0.18032786885245902	0.02	0.0
k__Metazoa;p__Arthropoda	0.0	0.0	0.0	0.0	0.0	0.0	0.0	0.0	0.0	6.898454746136865e-05	0.0	0.0	0.0	0.0	0.0	0.0	0.0	0.0
k__Metazoa;p__Rotifera	0.0	0.00016714954312458213	0.0	0.0	0.0	0.0	0.0	0.0	0.0	0.0	0.0	0.0	0.0	0.0	0.0	0.0	0.0	0.0
k__Plantae;p__Chlorophyta	0.0	0.0	0.0	0.0	0.0	2.1644084671659236e-05	0.0	0.0	0.0	0.0	0.0	0.0	0.0	0.0	0.0	0.0	0.0	0.0
k__Rhizaria;p__Cercozoa	0.0	0.0	6.620762711864407e-05	0.0	0.0	6.49322540149777e-05	0.0	0.0	0.0	0.0	0.0	0.0	0.0	0.0	0.0	0.0	0.0	0.0